-31.398
-36.946
-34.013
-35.638
-32.253
-29.022
-21.002
-15.348
-4.731
-3.260
-13.655
-18.502
-22.589
-20.329
-23.772
-33.138
-35.244
-37.225
-36.013
-27.301
-16.531
-11.617
-12.597
-23.137
-24.233
-24.608
-27.513
-33.129
-28.801
-34.408
-35.379
-41.879
-37.273
-35.619
-39.302
-29.013
-34.090
-40.591
-41.168
-39.023
-34.061
-27.859
-32.340
-35.436
-36.687
-33.494
-27.676
-29.253
-29.032
-25.714
-25.609
-22.416
-2.837
7.789
43.735
86.086
113.147
148.612
163.114
166.277
167.277
171.836
166.470
170.634
171.922
161.892
161.863
158.661
166.787
168.345
171.624
174.913
174.740
185.010
179.586
176.673
171.768
163.758
164.796
164.075
162.344
164.729
161.527
166.624
177.615
179.865
182.645
180.904
172.451
146.371
114.031
84.096
52.794
18.983
-21.272
-37.841
-24.522
-4.087
0.000
3.145
0.914
-16.021
-39.447
-47.188
-49.419
-36.062
-19.031
1.471
8.087
8.751
7.241
10.924
13.165
31.917
36.369
30.840
20.570
3.693
-2.116
-4.827
-17.560
-38.908
-50.198
-70.200
-95.385
-88.702
-80.066
-88.923
-88.442
-101.732
-109.935
-126.821
-146.218
-160.623
-166.306
-178.375
-190.886
-203.983
-211.032
-220.899
-235.862
-249.267
-263.720
-268.644
-268.596
-270.173
-273.808
-274.395
-280.703
-291.041
-292.791
-293.993
-294.214
-287.290
-269.904
-262.509
-252.844
-242.862
-236.112
-228.880
-218.514
-210.830
-199.069
-180.712
-172.288
-160.709
-152.651
-157.950
-158.286
-151.333
-161.969
-163.364
-156.334
-156.507
-158.209
-157.199
-163.402
-162.315
-160.373
-162.979
-169.557
-164.893
-155.411
-150.987
-136.659
-112.954
-110.733
-103.540
-91.442
-82.249
-80.009
-94.375
-103.386
-99.866
-101.588
-104.646
-108.185
-96.837
-67.719
-167.749
-208.455
-188.962
-175.182
-186.847
-179.135
-183.875
-211.080
-239.112
-240.420
-230.409
-226.313
-223.793
-219.927
-219.100
-221.610
-236.920
-254.546
-276.539
-308.283
-325.910
-324.083
-323.294
-345.027
-355.769
-365.606
-373.761
-375.800
-376.194
-380.156
-384.051
-388.070
-400.350
-417.756
-424.709
-441.807
-472.108
-491.302
-521.998
-529.480
-530.730
-574.350
-596.169
-622.364
-645.973
-668.216
-681.515
-691.603
-691.035
-693.786
-702.113
-704.344
-726.635
-734.655
-727.818
-740.396
-749.484
-767.697
-790.844
-806.711
-829.781
-858.909
-873.853
-893.874
-941.149
-990.990
-1015.185
-1013.522
-1024.302
-1026.898
-1033.158
-1031.043
-1020.119
-1023.340
-1022.994
-1014.012
-1007.232
-1012.935
-1016.599
-1009.069
-1007.906
-1004.261
-1003.944
-998.453
-997.972
-998.732
-998.174
-995.712
-993.308
-995.174
-997.693
-994.779
-994.962
-994.346
-1005.213
-1005.261
-1001.357
-1008.983
-1012.897
-1012.108
-1009.598
-1007.434
-1000.213
-1003.174
-1001.347
-1009.329
-1018.301
-1024.186
-1023.994
-1016.762
-1020.667
-1022.917
-1023.475
-1023.465
-1018.291
-1017.234
-1016.532
-1020.955
-1013.983
-1022.148
-1033.889
-1023.667
-1010.598
-1009.800
-1016.734
-1019.493
-1021.667
-1017.310
-1015.656
-1005.088
-997.664
-996.991
-1005.992
-1009.319
-1007.156
-1012.502
-1011.464
-997.606
-999.674
-1012.368
-1008.963
-1009.213
-1005.665
-1002.453
-994.943
-988.490
-996.145
-995.885
-1004.261
-1007.271
-1005.982
-1004.838
-1003.742
-1007.290
-1006.800
-1000.289
-1000.068
-1008.319
-1002.174
-999.866
-997.645
-989.269
-997.510
-1003.915
-1008.992
-1022.494
-1031.389
-1026.071
-1032.129
-1021.301
-1000.674
-1009.213
-1016.810
-1009.252
-1001.511
-1003.444
-1002.722
-992.798
-1008.992
-1012.810
-1009.992
-1010.156
-1007.540
-1004.203
-1007.098
-1007.867
-1009.079
-1014.474
-1011.646
-1007.069
-1019.724
-1021.147
-1006.723
-1000.136
-998.530
-1002.136
-1009.127
-1010.050
-1008.925
-1003.290
-1000.472
-1009.704
-1020.551
-1047.621
-1072.364
-1047.775
-1039.438
-1049.545
-1058.334
-1066.008
-1065.008
-1061.527
-1055.382
-1049.458
-1049.208
-1045.131
-1042.486
-1040.505
-1022.927
-1010.685
-1009.098
-1006.184
-1000.761
-999.712
-1006.232
-1009.435
-1009.367
-1005.790
-1005.559
-1002.078
-1008.656
-1016.541
-1012.387
-1007.540
-1008.771
-996.385
-995.702
-1007.232
-1005.357
-1006.338
-1005.252
-1006.723
-1006.886
-1006.069
-1002.780
-1000.203
-998.337
-988.375
-993.462
-1001.770
-1011.723
-1003.934
-1000.789
-1003.290
-999.385
-1007.098
-999.222
-997.433
-1002.732
-998.616
-999.530
-996.251
-1001.020
-1003.415
-1001.232
-1002.828
-1009.146
-1012.108
-1011.002
-1008.040
-1007.858
-1011.425
-1004.540
-999.924
-993.212
-1000.078
-1011.839
-1009.117
-1002.809
-1002.424
-999.607
-998.674
-1002.280
-1005.309
-1009.752
-1009.608
-999.184
-1003.588
-1007.117
-1008.415
-1003.540
-1002.607
-1001.617
-997.847
-1004.925
-1003.578
-1009.906
-1009.281
-1010.377
-1010.791
-1013.175
-1009.329
-1006.069
-1009.377
-1007.059
-1006.377
-1003.338
-998.982
-997.212
-999.376
-1000.674
-997.828
-997.145
-1002.059
-1010.367
-1009.637
-1007.319
-836.503
206.570
455.299
19.464
-220.783
-296.801
-371.722
-490.927
-673.072
-512.882
-510.420
-578.744
-654.955
-580.033
-611.527
-602.151
-579.312
-580.745
-550.684
-565.108
-581.322
-568.695
-582.303
-579.408
-561.358
-564.272
-572.205
-565.320
-559.896
-562.368
-563.743
-573.984
-573.244
-564.281
-565.570
-563.272
-558.194
-561.637
-558.771
-546.972
-564.483
-569.368
-557.579
-561.646
-574.792
-570.263
-572.628
-570.263
-560.444
-556.425
-551.328
-549.982
-555.954
-559.935
-572.484
-572.638
-572.196
-567.426
-567.907
-555.665
-556.858
-562.714
-560.868
-560.214
-555.636
-558.002
-568.378
-563.050
-552.222
-561.223
-567.830
-565.185
-560.906
-567.416
-565.406
-569.032
-567.686
-560.569
-559.425
-559.550
-556.069
-553.646
-556.886
-559.031
-565.705
-566.464
-565.724
-562.704
-555.713
-550.116
-560.281
-553.780
-550.972
-558.223
-557.675
-558.281
-556.896
-556.502
-557.492
-558.444
-557.021
-555.713
-552.069
-552.540
-557.694
-562.041
-561.954
-562.416
-568.907
-563.012
-563.195
-563.560
-561.627
-554.328
-553.021
-549.520
-554.723
-560.550
-560.002
-558.656
-562.550
-554.838
-549.982
-555.704
-552.713
-554.386
-551.886
-552.203
-555.867
-555.694
-559.415
-561.060
-561.666
-560.156
-557.550
-552.626
-542.596
-545.433
-552.059
-561.800
-565.243
-560.858
-559.281
-555.473
-564.983
-558.867
-546.664
-549.636
-554.886
-558.252
-559.858
-568.214
-573.561
-563.406
-562.993
-560.646
-557.059
-548.260
-543.818
-551.376
-557.559
-559.425
-567.099
-556.607
-554.213
-555.425
-552.886
-549.136
-544.443
-546.654
-551.511
-559.444
-571.215
-568.205
-566.349
-567.782
-557.771
-548.472
-550.943
-549.376
-554.290
-555.300
-558.387
-563.079
-566.185
-564.781
-558.954
-558.925
-556.348
-552.992
-551.992
-546.943
-543.048
-544.135
-551.395
-564.599
-569.417
-559.569
-558.040
-556.146
-547.751
-548.578
-559.088
-566.080
-560.050
-557.040
-553.521
-552.722
-546.260
-537.288
-545.856
-549.020
-554.761
-559.194
-557.559
-557.800
-566.522
-562.233
-554.444
-550.540
-542.577
-545.770
-554.550
-550.318
-546.318
-552.703
-555.021
-555.088
-553.126
-550.934
-551.174
-553.780
-553.001
-557.011
-551.011
-558.406
-565.830
-561.012
-556.521
-549.914
-548.078
-549.751
-545.664
-544.260
-552.395
-555.088
-550.386
-554.953
-557.511
-554.444
-559.396
-556.521
-550.068
-545.164
-549.164
-553.348
-555.848
-562.695
-558.223
-550.578
-556.261
-559.483
-551.934
-549.674
-551.511
-552.222
-553.521
-557.348
-558.723
-554.617
-551.415
-553.232
-556.011
-560.367
-553.367
-554.790
-548.058
-557.704
-556.992
-550.838
-559.281
-561.983
-554.944
-559.464
-562.118
-555.742
-549.145
-549.664
-553.242
-549.020
-551.578
-558.790
-557.338
-555.559
-560.089
-558.136
-557.944
-553.357
-550.482
-547.645
-552.549
-554.405
-549.761
-552.626
-558.079
-549.664
-542.019
-544.779
-545.568
-544.933
-539.452
-541.875
-549.270
-557.098
-561.848
-555.377
-553.271
-556.473
-549.511
-551.405
-557.184
-548.664
-554.848
-556.877
-557.281
-557.136
-553.415
-544.145
-546.914
-544.289
-543.712
-553.703
-566.147
-564.781
-563.916
-563.175
