HX711 Demo
Initializing the scale
Before setting up the scale:
read: 		9540
read average: 		9783
get value: 		10153.00
get units: 		9981.0
After setting up the scale:
read: 		9974
read average: 		9719
get value: 		110.00
get units: 		-2.4
Readings:
-8.799
-4.847
4.308
6.568
5.703
0.789
3.058
4.625
5.376
5.866
1.116
0.125
0.683
0.740
8.520
11.838
3.039
3.366
5.241
0.125
-3.318
-0.404
3.866
4.231
2.202
-1.616
6.318
8.770
0.221
-7.020
-3.048
5.703
4.818
-0.221
-8.260
-10.790
-5.876
-1.760
-1.192
-0.904
-12.011
-24.051
-12.069
-7.866
-11.549
-1.673
5.126
0.106
-1.260
-1.789
-1.183
1.818
-2.702
-7.626
-8.212
-21.204
-8.905
-6.395
0.644
3.529
1.529
-1.183
-4.712
-0.846
-2.394
-17.396
-11.251
5.635
0.202
-9.972
-18.002
-0.375
-0.404
-7.885
-10.645
-5.847
7.876
5.356
1.414
-3.568
-4.577
-2.827
-2.202
5.616
5.376
9.049
2.750
-5.395
0.394
-7.308
-15.857
0.481
2.519
-1.510
1.058
-4.183
-0.067
0.279
0.837
-7.934
-12.367
1.779
2.087
-7.107
-8.953
-17.127
-6.481
3.548
-2.212
-1.192
3.327
-3.116
6.106
2.885
-9.838
-6.280
4.154
4.318
1.712
3.125
-10.386
-7.684
0.337
7.501
-0.375
0.635
4.472
0.606
-0.596
-4.222
-3.308
-0.394
-0.683
-5.433
-16.531
-4.924
2.837
2.885
-9.770
-4.395
-5.856
-8.030
0.327
0.058
-4.241
1.414
8.328
1.375
-7.039
1.039
5.654
-2.568
-5.202
1.308
-0.529
1.481
-0.106
-8.328
-3.750
-9.645
-6.914
-6.635
-9.318
-2.885
1.279
3.462
-6.731
-23.474
-8.386
-4.981
-1.625
-1.414
1.846
1.394
-2.741
-8.386
-7.232
1.106
6.991
6.174
2.529
-0.808
-9.809
-4.664
-5.818
-0.817
4.847
4.789
-5.626
-0.038
-3.241
-6.491
-4.087
-9.414
-13.376
-1.010
-1.654
-0.981
-5.520
-1.616
-5.058
-4.222
-3.231
-8.789
-1.769
6.029
2.058
-4.164
0.250
1.039
1.558
6.385
-4.751
-4.077
-1.337
-8.722
-3.597
4.510
0.442
3.808
6.674
5.501
-3.404
4.058
0.760
1.943
-2.712
0.740
-6.087
-3.914
-0.067
0.279
0.827
0.721
0.067
-7.472
-3.202
5.847
3.885
0.077
-5.039
-0.414
8.260
-3.712
-16.665
-4.231
-1.673
-13.396
-11.732
-12.069
-7.751
4.385
7.107
4.808
-0.298
-10.020
-13.251
-2.885
-1.241
-5.424
-12.924
-10.213
1.837
1.241
1.164
-3.577
-7.030
-8.578
Ãÿ#pÿùÉÿ=ÿSÿÉÿpÿòCÿÁÿyÿ1ÿHX711 Demo
Initializing the scale
Before setting up the scale:
read: 		76868
read average: 		84695
get value: 		89115.00
get units: 		87909.0
After setting up the scale:
read: 		85746
read average: 		85866
get value: 		-2269.00
get units: 		-14.7
Readings:
-31.398
-36.946
-34.013
-35.638
-32.253
-29.022
-21.002
-15.348
-4.731
-3.260
-13.655
-18.502
-22.589
-20.329
-23.772
-33.138
-35.244
-37.225
-36.013
-27.301
-16.531
-11.617
-12.597
-23.137
-24.233
-24.608
-27.513
-33.129
-28.801
-34.408
-35.379
-41.879
-37.273
-35.619
-39.302
-29.013
-34.090
-40.591
-41.168
-39.023
-34.061
-27.859
-32.340
-35.436
-36.687
-33.494
-27.676
-29.253
-29.032
-25.714
-25.609
-22.416
-2.837
7.789
43.735
86.086
113.147
148.612
163.114
166.277
167.277
171.836
166.470
170.634
171.922
161.892
161.863
158.661
166.787
168.345
171.624
174.913
174.740
185.010
179.586
176.673
171.768
163.758
164.796
164.075
162.344
164.729
161.527
166.624
177.615
179.865
182.645
180.904
172.451
146.371
114.031
84.096
52.794
18.983
-21.272
-37.841
-24.522
-4.087
0.000
3.145
0.914
-16.021
-39.447
-47.188
-49.419
-36.062
-19.031
1.471
8.087
8.751
7.241
10.924
13.165
31.917
36.369
30.840
20.570
3.693
-2.116
-4.827
-17.560
-38.908
-50.198
-70.200
-95.385
-88.702
-80.066
-88.923
-88.442
-101.732
-109.935
-126.821
-146.218
-160.623
-166.306
-178.375
-190.886
-203.983
-211.032
-220.899
-235.862
-249.267
-263.720
-268.644
-268.596
-270.173
-273.808
-274.395
-280.703
-291.041
-292.791
-293.993
-294.214
-287.290
-269.904
-262.509
-252.844
-242.862
-236.112
-228.880
-218.514
-210.830
-199.069
-180.712
-172.288
-160.709
-152.651
-157.950
-158.286
-151.333
-161.969
-163.364
-156.334
-156.507
-158.209
-157.199
-163.402
-162.315
-160.373
-162.979
-169.557
-164.893
-155.411
-150.987
-136.659
-112.954
-110.733
-103.540
-91.442
-82.249
-80.009
-94.375
-103.386
-99.866
-101.588
-104.646
-108.185
-96.837
-67.719
-167.749
-208.455
-188.962
-175.182
-186.847
-179.135
-183.875
-211.080
-239.112
-240.420
-230.409
-226.313
-223.793
-219.927
-219.100
-221.610
-236.920
-254.546
-276.539
-308.283
-325.910
-324.083
-323.294
-345.027
-355.769
-365.606
-373.761
-375.800
-376.194
-380.156
-384.051
-388.070
-400.350
-417.756
-424.709
-441.807
-472.108
-491.302
-521.998
-529.480
-530.730
-574.350
-596.169
-622.364
-645.973
-668.216
-681.515
-691.603
-691.035
-693.786
-702.113
-704.344
-726.635
-734.655
-727.818
-740.396
-749.484
-767.697
-790.844
-806.711
-829.781
-858.909
-873.853
-893.874
-941.149
-990.990
-1015.185
-1013.522
-1024.302
-1026.898
-1033.158
-1031.043
-1020.119
-1023.340
-1022.994
-1014.012
-1007.232
-1012.935
-1016.599
-1009.069
-1007.906
-1004.261
-1003.944
-998.453
-997.972
-998.732
-998.174
-995.712
-993.308
-995.174
-997.693
-994.779
-994.962
-994.346
-1005.213
-1005.261
-1001.357
-1008.983
-1012.897
-1012.108
-1009.598
-1007.434
-1000.213
-1003.174
-1001.347
-1009.329
-1018.301
-1024.186
-1023.994
-1016.762
-1020.667
-1022.917
-1023.475
-1023.465
-1018.291
-1017.234
-1016.532
-1020.955
-1013.983
-1022.148
-1033.889
-1023.667
-1010.598
-1009.800
-1016.734
-1019.493
-1021.667
-1017.310
-1015.656
-1005.088
-997.664
-996.991
-1005.992
-1009.319
-1007.156
-1012.502
-1011.464
-997.606
-999.674
-1012.368
-1008.963
-1009.213
-1005.665
-1002.453
-994.943
-988.490
-996.145
-995.885
-1004.261
-1007.271
-1005.982
-1004.838
-1003.742
-1007.290
-1006.800
-1000.289
-1000.068
-1008.319
-1002.174
-999.866
-997.645
-989.269
-997.510
-1003.915
-1008.992
-1022.494
-1031.389
-1026.071
-1032.129
-1021.301
-1000.674
-1009.213
-1016.810
-1009.252
-1001.511
-1003.444
-1002.722
-992.798
-1008.992
-1012.810
-1009.992
-1010.156
-1007.540
-1004.203
-1007.098
-1007.867
-1009.079
-1014.474
-1011.646
-1007.069
-1019.724
-1021.147
-1006.723
-1000.136
-998.530
-1002.136
-1009.127
-1010.050
-1008.925
-1003.290
-1000.472
-1009.704
-1020.551
-1047.621
-1072.364
-1047.775
-1039.438
-1049.545
-1058.334
-1066.008
-1065.008
-1061.527
-1055.382
-1049.458
-1049.208
-1045.131
-1042.486
-1040.505
-1022.927
-1010.685
-1009.098
-1006.184
-1000.761
-999.712
-1006.232
-1009.435
-1009.367
-1005.790
-1005.559
-1002.078
-1008.656
-1016.541
-1012.387
-1007.540
-1008.771
-996.385
-995.702
-1007.232
-1005.357
-1006.338
-1005.252
-1006.723
-1006.886
-1006.069
-1002.780
-1000.203
-998.337
-988.375
-993.462
-1001.770
-1011.723
-1003.934
-1000.789
-1003.290
-999.385
-1007.098
-999.222
-997.433
-1002.732
-998.616
-999.530
-996.251
-1001.020
-1003.415
-1001.232
-1002.828
-1009.146
-1012.108
-1011.002
-1008.040
-1007.858
-1011.425
-1004.540
-999.924
-993.212
-1000.078
-1011.839
-1009.117
-1002.809
-1002.424
-999.607
-998.674
-1002.280
-1005.309
-1009.752
-1009.608
-999.184
-1003.588
-1007.117
-1008.415
-1003.540
-1002.607
-1001.617
-997.847
-1004.925
-1003.578
-1009.906
-1009.281
-1010.377
-1010.791
-1013.175
-1009.329
-1006.069
-1009.377
-1007.059
-1006.377
-1003.338
-998.982
-997.212
-999.376
-1000.674
-997.828
-997.145
-1002.059
-1010.367
-1009.637
-1007.319
-836.503
206.570
455.299
19.464
-220.783
-296.801
-371.722
-490.927
-673.072
-512.882
-510.420
-578.744
-654.955
-580.033
-611.527
-602.151
-579.312
-580.745
-550.684
-565.108
-581.322
-568.695
-582.303
-579.408
-561.358
-564.272
-572.205
-565.320
-559.896
-562.368
-563.743
-573.984
-573.244
-564.281
-565.570
-563.272
-558.194
-561.637
-558.771
-546.972
-564.483
-569.368
-557.579
-561.646
-574.792
-570.263
-572.628
-570.263
-560.444
-556.425
-551.328
-549.982
-555.954
-559.935
-572.484
-572.638
-572.196
-567.426
-567.907
-555.665
-556.858
-562.714
-560.868
-560.214
-555.636
-558.002
-568.378
-563.050
-552.222
-561.223
-567.830
-565.185
-560.906
-567.416
-565.406
-569.032
-567.686
-560.569
-559.425
-559.550
-556.069
-553.646
-556.886
-559.031
-565.705
-566.464
-565.724
-562.704
-555.713
-550.116
-560.281
-553.780
-550.972
-558.223
-557.675
-558.281
-556.896
-556.502
-557.492
-558.444
-557.021
-555.713
-552.069
-552.540
-557.694
-562.041
-561.954
-562.416
-568.907
-563.012
-563.195
-563.560
-561.627
-554.328
-553.021
-549.520
-554.723
-560.550
-560.002
-558.656
-562.550
-554.838
-549.982
-555.704
-552.713
-554.386
-551.886
-552.203
-555.867
-555.694
-559.415
-561.060
-561.666
-560.156
-557.550
-552.626
-542.596
-545.433
-552.059
-561.800
-565.243
-560.858
-559.281
-555.473
-564.983
-558.867
-546.664
-549.636
-554.886
-558.252
-559.858
-568.214
-573.561
-563.406
-562.993
-560.646
-557.059
-548.260
-543.818
-551.376
-557.559
-559.425
-567.099
-556.607
-554.213
-555.425
-552.886
-549.136
-544.443
-546.654
-551.511
-559.444
-571.215
-568.205
-566.349
-567.782
-557.771
-548.472
-550.943
-549.376
-554.290
-555.300
-558.387
-563.079
-566.185
-564.781
-558.954
-558.925
-556.348
-552.992
-551.992
-546.943
-543.048
-544.135
-551.395
-564.599
-569.417
-559.569
-558.040
-556.146
-547.751
-548.578
-559.088
-566.080
-560.050
-557.040
-553.521
-552.722
-546.260
-537.288
-545.856
-549.020
-554.761
-559.194
-557.559
-557.800
-566.522
-562.233
-554.444
-550.540
-542.577
-545.770
-554.550
-550.318
-546.318
-552.703
-555.021
-555.088
-553.126
-550.934
-551.174
-553.780
-553.001
-557.011
-551.011
-558.406
-565.830
-561.012
-556.521
-549.914
-548.078
-549.751
-545.664
-544.260
-552.395
-555.088
-550.386
-554.953
-557.511
-554.444
-559.396
-556.521
-550.068
-545.164
-549.164
-553.348
-555.848
-562.695
-558.223
-550.578
-556.261
-559.483
-551.934
-549.674
-551.511
-552.222
-553.521
-557.348
-558.723
-554.617
-551.415
-553.232
-556.011
-560.367
-553.367
-554.790
-548.058
-557.704
-556.992
-550.838
-559.281
-561.983
-554.944
-559.464
-562.118
-555.742
-549.145
-549.664
-553.242
-549.020
-551.578
-558.790
-557.338
-555.559
-560.089
-558.136
-557.944
-553.357
-550.482
-547.645
-552.549
-554.405
-549.761
-552.626
-558.079
-549.664
-542.019
-544.779
-545.568
-544.933
-539.452
-541.875
-549.270
-557.098
-561.848
-555.377
-553.271
-556.473
-549.511
-551.405
-557.184
-548.664
-554.848
-556.877
-557.281
-557.136
-553.415
-544.145
-546.914
-544.289
-543.712
-553.703
-566.147
-564.781
-563.916
-563.175
HX711 Demo
Initializing the scale
Before setting up the scale:
read: 		7018
read average: 		6721
get value: 		7505.00
get units: 		7250.0
After setting up the scale:
read: 		7797
read average: 		6608
get value: 		156.00
get units: 		-5.3
Readings:
-2.144
-9.501
1.577
7.212
3.221
2.818
1.039
0.269
-4.279
-1.308
5.462
6.895
5.001
1.356
-3.135
-1.481
9.828
11.453
4.760
-13.800
-10.703
2.481
-3.221
0.240
-1.077
-10.376
-6.895
5.481
6.674
1.558
8.376
5.731
0.519
2.241
12.328
16.858
16.511
8.751
5.193
3.808
-5.270
-3.337
9.318
10.001
7.857
-3.981
7.078
13.242
11.347
12.694
11.242
12.174
14.252
16.011
12.944
5.789
21.675
30.051
15.473
-0.414
9.578
15.146
14.088
17.762
19.906
22.858
24.781
23.214
27.445
21.570
9.559
14.655
17.915
16.233
18.117
18.858
18.502
14.780
19.300
14.040
21.791
24.349
27.686
19.848
12.857
14.627
18.473
19.310
27.214
31.340
33.109
29.080
21.416
17.425
14.213
14.867
12.040
18.252
25.397
29.022
24.743
19.444
12.347
5.020
13.963
17.617
18.983
24.714
30.311
30.061
22.022
21.964
18.175
17.117
24.733
28.917
24.705
23.435
28.090
25.080
26.311
18.685
9.847
18.790
21.916
20.714
29.215
26.157
22.050
18.935
19.406
13.473
17.454
19.339
11.338
10.674
18.483
15.348
16.925
18.935
24.185
25.147
22.368
14.867
11.790
15.232
25.185
25.435
21.050
16.281
13.780
16.434
16.011
11.501
14.954
14.280
20.800
19.637
16.973
16.790
23.676
23.339
17.935
17.540
13.357
18.137
20.560
16.848
20.868
28.840
32.542
27.657
21.098
13.675
12.021
10.847
13.963
10.915
17.261
17.031
22.877
25.147
22.647
11.934
8.501
10.395
17.771
20.060
6.616
15.117
14.482
10.761
15.300
23.031
21.502
26.637
22.877
15.867
16.271
14.752
11.636
16.242
20.935
10.184
-1.135
12.819
17.348
18.896
24.839
14.790
17.108
12.684
11.886
19.339
16.819
12.597
3.616
9.597
17.454
20.973
21.781
18.444
22.762
24.743
17.463
6.280
9.972
19.079
15.857
16.088
14.809
23.377
25.628
26.166
26.512
24.964
19.714
20.339
12.155
12.463
16.608
18.454
21.262
19.021
13.540
10.424
10.943
3.885
5.645
17.127
20.723
20.627
18.223
20.473
21.118
15.338
9.674
15.502
22.810
18.281
16.117
11.626
14.982
14.136
16.877
24.483
17.675
11.770
13.049
15.992
18.473
15.213
23.493
32.850
24.964
27.109
32.330
29.263
19.117
15.742
20.473
8.934
4.202
7.578
20.925
19.050
15.684
18.387
16.444
10.299
15.752
20.858
18.387
10.665
5.876
16.242
16.944
11.338
16.386
18.002
16.511
12.992
9.905
9.905
9.963
-4.000
9.241
27.445
18.656
15.107
21.137
14.396
5.674
14.107
9.664
9.270
16.781
19.358
11.915
18.223
28.695
18.569
10.578
1.125
-1.529
11.376
24.570
21.041
23.320
27.195
17.098
9.761
17.858
16.617
16.338
13.078
9.309
25.205
16.983
5.558
15.329
11.636
9.616
12.069
-0.394
5.645
13.934
11.578
12.761
22.233
21.425
20.435
13.771
5.087
13.607
20.406
17.713
19.194
16.261
14.829
16.608
12.251
9.972
15.954
16.511
20.550
12.761
15.069
19.425
19.935
17.983
21.204
16.963
4.250
2.664
14.809
14.377
18.223
20.098
22.675
13.338
13.232
17.598
24.397
20.137
20.675
22.483
20.704
14.598
11.761
10.780
16.569
14.867
13.184
16.040
19.637
28.243
24.089
23.089
25.455
18.569
7.799
8.087
15.636
19.281
21.118
27.580
24.945
29.888
20.319
16.963
22.224
20.319
18.906
21.358
23.031
22.974
20.848
19.646
15.982
25.974
27.993
21.223
19.752
13.626
19.444
24.916
29.417
37.456
35.619
28.118
20.281
25.205
26.811
31.571
26.464
26.666
29.494
22.675
41.072
34.975
35.013
33.831
34.061
33.138
32.484
36.119
36.321
38.360
35.446
34.965
36.321
33.706
33.840
30.926
27.897
39.254
35.225
30.763
25.407
22.310
25.522
35.340
31.907
29.244
19.733
15.579
33.417
34.638
28.157
33.965
31.850
22.118
18.425
22.002
18.723
16.713
28.657
31.051
22.349
27.714
33.215
37.648
30.340
27.243
23.762
24.955
28.301
30.849
19.935
27.474
27.243
21.647
28.157
23.839
23.762
27.503
29.590
37.302
34.946
25.637
20.714
12.944
10.386
24.656
31.051
29.167
20.464
17.136
27.080
29.763
29.840
23.089
10.463
17.944
32.879
28.628
25.532
35.533
31.234
25.118
30.522
25.887
23.224
20.444
19.310
25.512
26.551
23.262
18.117
20.243
22.031
15.011
11.992
18.935
25.791
28.820
33.340
36.494
29.869
27.532
24.070
19.319
15.242
21.560
24.762
-7.693
-2.481
12.088
24.320
28.311
22.368
26.878
27.301
24.079
16.290
23.714
29.349
21.098
26.522
26.455
34.071
32.744
31.475
22.589
18.685
25.849
8.905
-2.519
3.952
14.069
27.551
35.302
31.859
23.060
24.185
22.425
22.608
17.646
24.695
33.109
30.590
25.330
24.003
7.837
6.126
5.626
9.472
7.155
17.694
26.291
32.638
35.677
31.119
25.224
20.425
8.482
5.058
14.713
23.214
21.310
25.868
30.119
28.830
25.282
19.906
6.857
19.608
25.435
26.474
19.300
12.684
22.954
28.128
29.561
21.454
9.982
14.684
21.464
24.320
22.993
24.705
32.590
29.407
19.935
15.021
17.569
18.819
10.761
-3.029
12.713
22.772
19.771
18.858
30.426
20.954
16.088
22.089
23.570
16.896
21.772
24.397
23.108
15.396
25.051
23.820
28.157
25.358
17.233
18.031
11.886
16.473
25.657
24.560
21.493
28.753
31.407
31.128
19.608
10.155
8.539
18.444
15.829
18.137
26.320
31.465
24.147
20.396
13.790
7.885
11.117
11.357
8.914
16.742
25.964
24.810
16.723
19.060
21.473
20.050
13.761
10.578
18.723
23.185
15.492
20.723
25.589
26.993
16.386
13.530
18.906
17.213
6.126
10.030
14.367
12.915
10.443
23.685
29.167
27.686
30.503
31.734
22.156
7.597
-9.886
-12.463
1.548
3.241
12.078
27.791
37.562
36.456
24.426
20.675
-1.692
-2.366
16.733
32.696
31.061
37.966
49.909
49.534
42.129
28.118
6.558
0.212
6.837
11.597
10.155
4.491
18.194
32.167
22.810
13.790
-3.279
-3.866
4.702
-0.673
11.270
21.397
30.426
35.292
41.360
34.792
37.658
38.043
23.781
11.222
1.779
-0.615
11.838
9.088
8.511
18.579
20.137
11.165
1.356
2.770
1.404
-1.433
0.817
13.434
10.415
22.089
30.551
34.850
33.677
32.648
33.052
27.416
17.810
14.780
15.973
31.234
35.110
46.082
38.745
29.061
11.232
0.365
-10.588
-15.982
-9.463
-10.270
-5.674
-2.895
4.366
2.500
-3.808
2.144
4.837
5.866
13.617
19.204
38.879
44.774
42.928
46.082
36.629
23.368
6.674
13.011
7.087
5.808
9.722
0.567
-10.299
-1.606
-0.952
-12.703
-23.195
-36.523
-40.043
-37.514
-29.397
-18.540
-20.483
-26.474
-50.438
-66.094
-67.161
-67.469
-68.219
-68.517
-69.075
-67.815
-65.555
-57.843
-66.661
-77.018
-87.538
-101.520
-97.366
-76.999
-66.959
-64.882
-67.767
-64.853
-61.382
-70.825
-70.652
-62.872
-61.709
-63.324
-63.228
-66.094
-65.065
-51.169
-40.649
-11.617
8.212
10.261
-4.510
-17.002
-39.475
-63.180
-61.382
-43.024
-25.166
-9.472
12.521
55.900
79.297
83.595
82.480
54.188
27.070
8.059
-25.435
-37.196
-37.148
-14.665
11.328
27.888
37.100
10.588
-12.492
-32.148
-39.523
-44.110
-36.485
-16.002
-7.578
-11.482
-28.715
-38.966
-38.398
-44.014
-56.881
-55.294
-53.342
-65.036
-52.361
-35.004
-40.677
-39.572
-44.235
-38.043
-27.291
-13.078
0.087
-3.500
6.405
31.763
38.168
23.406
-0.885
-1.818
8.001
-16.021
-63.247
-89.183
-122.965
-152.728
-165.691
-168.133
-172.845
-180.279
-211.638
-232.034
-242.266
-256.999
-251.306
-243.209
-240.247
-237.006
-236.881
-241.151
-238.352
-238.189
-244.382
-244.949
-245.430
-247.017
-237.641
-246.055
-246.748
-243.266
-238.814
-238.689
-232.708
-231.025
-239.804
-245.257
-244.430
-242.084
-246.238
-245.776
-250.219
-247.353
-242.670
-240.814
-254.133
-253.806
-241.141
-235.679
-235.881
-238.535
-236.554
-241.391
-244.363
-250.046
-247.507
-244.767
-238.439
-235.987
-245.113
-247.046
-244.834
-247.430
-242.507
-248.392
-240.266
-234.112
-238.083
-238.977
-214.840
-235.679
-255.681
-247.825
-244.613
-237.564
-238.468
-246.363
-243.699
-246.738
-244.863
-245.622
-242.661
-247.526
-246.536
-251.344
-251.931
-244.372
-240.160
-244.343
-244.622
-243.209
-242.084
-240.862
-238.160
-231.909
-235.631
-237.064
-237.054
-240.506
-247.959
-238.756
-237.920
-243.382
-244.738
-244.218
-247.776
-235.987
-241.680
-249.719
-242.372
-237.141
-245.536
-246.315
-252.075
-248.411
-238.372
-239.006
-239.641
-243.161
-242.795
-240.179
-240.583
-246.257
-246.055
-240.526
-238.295
-237.958
-240.574
-245.093
-251.652
-246.459
-242.151
-238.689
-242.064
-240.987
-240.314
-235.083
-235.631
-240.833
-248.382
-242.410
-242.574
-245.536
-245.007
-245.305
-239.545
-237.256
-242.391
-247.248
-239.247
-234.448
-237.323
-246.978
-248.459
-240.660
-246.661
-244.738
-243.507
-245.228
-249.604
-239.535
-238.429
-235.727
-233.698
-242.843
-244.680
-247.526
-249.998
-246.921
-246.526
-240.295
-239.804
-243.978
-244.247
-247.642
-256.575
-246.219
-240.680
-235.131
-225.976
-231.765
-238.785
-246.555
-239.929
-236.506
-239.074
-234.333
-240.756
-246.122
-239.535
-236.400
-239.506
-237.718
-241.353
-246.757
-241.112
-234.237
-244.584
-239.554
-236.554
-241.305
-244.334
-251.786
-244.430
-243.661
-236.804
-235.333
-241.391
-242.353
-244.757
-242.449
-243.574
-244.728
-237.631
-234.496
8.039
941.139
675.697
203.916
45.207
-33.340
-114.079
-175.442
-201.070
-230.284
-216.398
-132.812
-167.633
-220.860
-228.851
-196.011
-223.976
-238.574
-244.103
-244.084
-230.448
-237.218
-244.997
-225.639
-217.264
-225.361
-235.804
-240.160
-236.900
-231.881
-240.564
-244.488
-240.939
-237.131
-232.073
-226.726
-238.045
-241.747
-236.458
-240.314
-242.709
-244.103
-246.228
-240.862
-232.198
-231.025
-232.467
-233.631
-243.584
-248.209
-241.401
-250.036
-245.882
-248.450
-251.277
-245.844
-240.862
-240.853
-235.525
-240.045
-232.746
-241.420
-244.093
-239.189
-239.295
-242.382
-248.344
-243.007
-233.410
-236.573
-234.160
-233.756
-239.189
-235.035
-237.487
-238.381
-238.449
-233.390
-229.284
-232.486
-230.515
-226.034
-222.456
-233.631
-244.209
-240.228
-235.775
-241.555
-248.613
-243.199
-239.506
-242.814
-235.602
-231.996
-237.718
-226.216
-232.948
-246.440
-240.583
-242.737
-246.094
-241.439
-235.458
-235.506
-242.718
-229.034
-229.832
-240.920
-244.920
-242.122
-243.391
-239.737
-235.987
-234.852
-231.313
-235.756
-241.333
-244.161
-240.535
-237.516
-248.402
-246.065
-245.392
-240.266
-238.122
-245.324
-248.728
-239.612
-234.217
-238.285
-236.996
-233.429
-241.824
-228.524
-218.870
-232.688
-231.957
-235.756
-239.747
-242.651
-244.161
-239.593
-239.179
-245.113
-241.901
-237.160
-238.593
-248.103
-244.045
-240.641
-239.131
-246.055
-249.007
-235.641
-237.121
-236.968
-236.602
-234.285
-234.410
-240.045
-243.045
-237.420
-232.063
-231.784
-238.372
-238.997
-234.015
-235.496
-241.478
-246.267
-247.517
-246.247
-245.661
-243.305
-237.814
-244.113
-245.113
-234.054
-239.016
-240.228
-240.218
-243.449
-239.295
-227.015
-229.034
-230.794
-232.659
-232.371
-235.112
-241.497
-238.102
-241.872
-242.401
-241.805
-234.814
-242.026
-243.757
-237.622
-235.285
-244.507
-249.142
-243.401
-237.439
-238.112
-240.920
-236.862
-243.324
-242.641
-244.747
-243.805
-235.727
-229.640
-243.911
-251.556
-249.007
-239.170
-239.679
-237.881
-230.640
-226.457
-232.794
-236.429
-236.823
-235.140
-237.506
-235.400
-237.246
-240.939
-238.506
-239.343
-242.564
-241.401
-245.238
-239.689
-240.603
-240.324
-239.920
-241.545
-238.670
-240.122
-233.544
-207.849
-222.524
-235.996
-239.516
-234.958
-232.736
-231.150
-235.516
-226.188
-220.408
-242.343
-237.718
-232.650
-229.688
-231.909
-231.111
-231.380
-231.698
-237.593
-241.430
-240.593
-240.016
-232.583
-231.102
-236.718
-241.853
-240.439
-241.507
-239.227
-238.189
-235.391
-231.861
-229.313
-234.660
-232.967
-234.842
-234.612
-228.678
-233.169
-244.170
-244.574
-240.141
-231.255
-227.207
-234.563
-238.362
-232.073
-237.891
-236.843
-223.716
-228.121
-232.409
-235.439
-239.285
-240.737
-241.478
-241.939
-236.458
-233.448
-238.574
-243.795
-240.285
-238.122
-244.045
-245.440
-227.774
-229.053
-227.370
-237.593
-232.948
-227.842
-230.784
-234.650
-236.294
-232.207
-229.871
-232.352
-234.737
-227.851
-224.312
-222.437
-234.871
-228.851
-234.179
-233.823
-237.448
-226.899
-226.245
-235.910
-233.833
-237.573
-248.344
-241.353
-228.438
-235.362
-229.919
-232.804
-238.535
-239.612
-236.064
-231.813
-232.159
-232.275
-240.949
-240.910
-239.026
-233.890
-233.919
-234.554
-231.342
-223.937
-228.380
-233.477
-227.842
-209.695
-222.812
-224.870
-232.419
-229.034
-225.880
-228.092
-226.043
-235.352
-240.074
-236.564
-240.737
-236.852
-236.285
-235.535
-226.630
-230.034
-233.025
-231.005
-229.592
-227.899
-231.852
-232.890
-228.457
-231.400
-234.256
-235.054
-239.506
-240.622
-238.631
-224.630
-230.178
-234.660
-227.072
-237.900
-236.439
-227.717
-227.870
-236.929
-230.409
-228.524
-225.553
-223.524
-217.446
-219.062
-225.495
-230.669
-233.852
-234.458
-229.736
-228.909
-227.630
-228.226
-222.831
-219.533
-224.380
-233.304
-238.506
-237.631
-238.275
-237.641
-237.747
-239.872
-233.102
-230.198
-228.265
-224.841
-226.591
-234.592
-233.313
-231.111
-231.707
-236.323
-235.852
-237.900
-237.487
-230.505
-233.602
-232.179
-224.370
-233.352
-235.189
-223.707
-225.130
-226.341
-235.602
-242.978
-232.746
-224.014
-227.890
-227.293
-228.582
-240.237
-236.698
-236.352
-234.217
-225.995
-233.458
-233.188
-233.910
-229.015
-228.121
-229.024
-230.025
-234.679
-235.419
-228.226
-225.611
-225.909
-228.034
-234.371
-237.968
-240.949
-233.313
-225.034
-227.822
-236.333
-239.304
-236.093
-230.890
-234.025
-235.227
-234.275
-235.477
-238.112
-236.641
-237.093
-227.015
-222.610
-228.380
-232.948
-230.880
-226.765
-230.361
-235.458
-230.092
-223.553
-227.976
-229.630
-233.188
-236.535
-240.862
-234.679
-240.564
-243.324
-227.745
-217.514
-226.072
-224.745
-224.351
-225.832
-230.130
-235.910
-230.736
-241.564
-236.419
-226.332
-237.093
-243.257
-233.938
-227.601
-237.708
-230.534
-223.572
-229.207
-233.265
-227.697
-232.342
-239.564
-235.785
-238.381
-230.467
-227.409
-232.708
-240.535
-236.112
-238.458
-240.314
-236.266
-229.976
-218.398
-225.178
-237.795
-235.189
-228.322
-225.572
-232.361
-227.303
-233.092
-235.900
-233.275
-224.947
-226.899
-229.226
-226.284
-222.745
-231.150
-218.725
-226.140
-233.217
-229.707
-227.947
-230.275
-239.083
-229.361
-231.005
-235.641
-231.909
-223.755
-228.707
-236.804
-231.429
-230.053
-228.842
-235.785
-228.399
-230.332
-233.486
-221.072
-225.245
-228.678
-234.717
-234.881
-229.601
-228.948
-225.601
-220.110
-220.754
-230.150
-231.881
-232.063
-240.756
-246.074
-235.064
-227.928
-227.726
-233.535
-234.448
-229.717
-228.140
-239.708
-244.247
-237.208
-236.958
-239.776
-238.208
-231.736
-230.092
-230.534
-231.121
-230.765
-230.380
-240.641
-246.834
-225.726
-222.841
-231.525
-230.823
-229.573
-226.255
-228.207
-233.400
-228.313
-232.669
-229.678
-230.419
-234.862
-234.333
-238.208
-231.534
-226.918
-230.361
-236.516
-231.275
-224.005
-226.543
-235.275
-234.698
-227.592
-231.919
-230.044
-226.101
-221.985
-231.746
-231.544
-226.765
-217.437
-235.804
-233.967
-219.793
-225.774
-231.275
-233.698
-233.496
-234.660
-232.573
-232.708
-228.582
-229.409
-225.216
-217.417
-227.072
-243.112
-240.766
-238.487
-237.237
-234.246
-225.380
-222.543
-225.707
-228.582
-239.314
-237.035
-235.708
-238.275
-236.920
-229.515
-228.717
-230.977
-225.563
-227.380
-232.534
-227.947
-229.842
-234.035
-231.621
-226.322
-235.035
-227.938
-229.159
-231.092
-227.976
-233.987
-230.496
-223.533
-232.554
-234.842
-231.352
-231.621
-232.602
-232.871
-235.650
-231.467
-232.621
-239.093
-240.151
-232.159
-233.208
-238.689
-240.910
-236.381
-229.044
-229.938
-227.851
-232.217
-236.343
-233.679
-233.525
-246.594
-243.786
-239.728
-236.025
-231.227
-223.149
-220.264
-221.860
-225.438
-232.669
-231.198
-226.418
-234.756
-227.957
-215.754
-228.957
-234.265
-232.419
-233.486
-233.842
-233.987
-234.362
-236.323
-228.072
-228.774
-244.545
-239.199
-232.313
-234.438
-234.362
-238.775
-242.266
-236.496
-231.688
-230.775
-229.380
-224.245
-232.583
-229.919
-223.466
-231.265
-238.574
-230.621
-231.265
-232.727
-230.361
-230.775
-230.236
-233.256
-234.958
-231.198
-239.333
-235.467
-232.506
-234.160
-239.574
-238.131
-223.601
-225.370
-233.746
-232.977
-236.833
-232.573
-235.246
-236.843
-235.881
-216.889
-222.957
-225.909
-241.526
-240.237
-234.227
-236.718
-232.381
-231.265
-228.332
-228.919
-233.227
-223.399
-228.544
-233.102
-234.900
-236.660
-236.439
-239.641
-232.717
-230.784
-229.409
-231.775
-227.063
-233.900
-231.909
-231.544
-241.949
-234.160
-224.399
-226.620
-228.486
-229.582
-223.630
-234.015
-237.237
-236.573
-228.611
-228.909
-232.688
-237.083
-237.929
-234.996
-229.592
-230.563
-226.774
-229.053
-232.429
-237.045
-239.949
-244.680
-242.026
-233.111
-235.968
-229.505
-227.794
-235.092
-236.343
-233.169
-232.034
-235.323
-234.939
-228.601
-226.668
-231.409
-235.352
-237.314
-239.449
-227.390
-226.909
-226.024
-226.717
-230.121
-232.967
-226.188
-220.735
-233.996
-233.025
-226.072
-224.553
-236.381
-226.938
-227.880
-233.929
-236.785
-230.630
-231.832
-230.428
-226.313
-229.121
-225.197
-226.197
-235.439
-230.592
-225.178
-233.429
-233.496
-225.659
-224.630
-237.179
-240.641
-235.189
-232.323
-231.707
-193.174
-137.476
-67.757
-47.880
-51.505
-28.070
-25.849
-34.081
-73.373
-145.900
-205.455
-228.197
-218.629
-194.473
-177.086
-185.020
-192.684
-205.128
-219.581
-227.120
-231.294
-240.295
-239.304
-232.458
-208.032
-195.636
-225.659
-234.237
-249.055
-247.661
-238.285
-218.562
-231.419
-237.920
-232.217
-235.198
-231.284
-237.218
-229.890
-235.698
-237.064
-234.756
-241.045
-220.495
-230.025
-246.719
-232.602
-225.034
-215.042
-214.167
-202.483
-177.346
-200.810
-184.472
-177.548
-178.865
-193.588
-217.369
-224.447
-228.217
-234.035
-241.122
-240.776
-232.756
-234.237
-237.285
-240.997
-241.814
-249.844
-241.276
-226.005
-232.256
-219.822
-170.326
-219.975
-217.860
-220.822
-242.516
-237.371
-227.899
-206.657
-160.738
-148.304
-111.656
-61.959
-3.875
31.455
37.994
37.187
15.531
31.484
29.176
19.204
14.752
21.531
23.464
25.964
38.706
38.831
19.204
-33.494
-69.892
-59.064
-42.601
-27.349
-6.972
-11.645
-10.318
11.386
69.440
121.523
154.815
167.797
144.842
148.891
170.239
178.384
176.125
195.867
211.609
216.465
213.917
193.309
174.884
162.017
140.813
125.360
129.312
127.292
126.013
120.128
114.964
95.260
79.585
57.554
43.524
32.907
20.589
18.358
24.531
15.886
23.993
28.676
36.869
35.302
21.945
22.031
19.868
9.184
14.915
11.972
8.318
5.789
-11.511
-11.626
-17.117
-51.525
-65.305
-66.623
-60.266
-45.389
-47.726
-62.285
-78.364
-93.260
-108.185
-130.235
-146.737
-154.122
-147.372
-127.206
-96.693
-74.171
-71.056
-67.853
-62.805
-58.727
-74.758
-79.297
-79.941
-89.740
-83.663
-82.557
-82.480
-72.450
-71.200
-70.123
-72.989
-86.192
-80.162
-77.979
-79.739
-78.335
-66.074
-49.169
-26.320
-32.907
-48.832
-43.207
-29.763
-29.455
-35.523
-29.061
-23.637
-6.289
2.346
-10.713
-5.222
2.885
0.952
5.318
14.396
17.781
25.003
28.272
31.263
39.043
36.869
36.408
34.446
33.927
37.456
37.860
48.842
51.034
48.572
50.150
-233.611
-242.459
-247.603
-246.459
-244.045
-242.459
-234.265
-232.323
-232.025
-237.045
-250.700
-238.939
-225.918
-232.746
-240.641
-235.304
-239.564
-238.150
-232.669
-240.304
-243.478
-244.497
-243.112
-237.477
-245.834
-239.102
-232.496
-238.574
-238.285
-246.748
-240.045
-234.429
-243.507
-242.699
-242.257
-244.343
-247.921
-244.622
-245.247
-250.277
-248.767
-243.757
-245.276
-244.218
-235.391
-232.977
-226.188
-221.302
-235.015
-244.141
-242.766
-249.046
-243.103
-238.160
-236.795
-237.045
-242.007
-243.920
-249.084
-247.651
-249.190
-240.045
-238.747
-236.256
-237.179
-243.459
-241.526
-230.486
-231.323
-239.304
-244.180
-243.449
-230.832
-231.996
-240.891
-248.411
-237.141
-233.756
-236.400
-237.900
-246.882
-245.142
-240.641
-243.353
-240.814
-232.131
-244.343
-245.642
-236.669
-245.632
-233.890
-225.986
-235.602
-237.583
-244.315
-245.824
-241.189
-240.756
-239.920
-248.382
-243.295
-240.487
-241.651
-234.573
-203.281
-166.931
-163.094
-167.912
-157.700
-168.691
-174.278
-171.037
-174.134
-176.086
-185.626
-184.020
-186.308
-174.932
-163.200
-167.749
-175.750
-168.258
-167.758
-172.124
-165.931
-177.856
-191.165
-207.724
-222.735
-234.563
-245.007
-238.929
-226.390
-227.919
-240.487
-233.977
-238.160
-247.046
-242.401
-234.756
-235.871
-236.160
-237.285
-234.121
-236.593
-240.901
-241.555
-239.266
-236.131
-238.689
-232.275
-246.719
-245.969
-235.554
-236.025
-242.911
-240.160
-234.477
-237.064
-233.727
-238.708
-251.460
-245.363
-243.872
-240.708
-239.141
-246.651
-246.171
-233.727
-241.353
-244.536
-240.122
-242.555
-236.179
-237.420
-240.478
-234.881
-243.449
-247.738
-247.623
-248.440
-242.824
-238.468
-239.708
-241.122
-245.045
-242.382
-241.382
-241.093
-239.487
-240.256
-241.083
-240.199
-236.900
-239.622
-246.171
-248.536
-242.891
-238.708
-241.208
-242.757
-244.699
-240.564
-242.247
-245.142
-239.699
-238.747
-235.631
-241.574
-245.920
-240.074
-228.861
-230.092
-242.536
-243.151
-239.910
-232.381
-234.083
-243.161
-248.959
-244.728
-239.833
-234.890
-234.333
-237.160
-237.766
-236.718
-239.391
-232.861
-233.746
-245.161
-242.843
-240.641
-234.265
-238.699
-238.910
-241.603
-241.324
-233.342
-243.545
-248.421
-243.843
-244.526
-241.910
-245.199
-249.517
-243.757
-246.632
-247.978
-244.690
-241.834
-239.074
-235.516
-235.592
-240.026
-243.613
-239.776
-233.179
-238.997
-246.209
-239.247
-235.535
-247.661
-242.901
-245.093
-246.036
-238.843
-238.362
-243.286
-236.391
-238.064
-243.766
-239.006
-239.699
-244.920
-240.141
-241.372
-240.583
-233.169
-219.870
-224.697
-234.025
-240.372
-237.545
-234.025
-241.180
-242.160
-244.315
-241.064
-237.150
-238.535
-238.737
-232.967
-242.526
-247.950
-234.919
-236.996
-245.199
-255.296
-247.180
-244.728
-237.891
-242.045
-233.506
-234.660
-240.131
-247.498
-243.834
-252.690
-253.825
-243.526
-236.064
-237.948
-234.756
-231.284
-240.458
-248.719
-245.834
-243.959
-246.199
-246.469
-238.016
-238.410
-240.699
-236.804
-235.564
-240.670
-242.795
-236.304
-241.853
-246.209
-246.632
-238.727
-239.891
-243.016
-246.430
-240.112
-243.353
-241.978
-238.891
-250.065
-253.104
-245.603
-239.026
-232.034
-241.718
-242.084
-246.276
-235.025
-230.890
-244.430
-244.728
-246.844
-251.998
-242.689
-240.314
-244.459
-238.891
-232.563
-231.313
-238.343
-242.507
-242.670
-241.439
-235.592
-236.083
-236.131
-238.670
-238.708
-222.216
-237.535
-243.843
-240.516
-246.757
-248.546
-246.459
-239.218
-241.180
-242.084
-240.218
-245.497
-244.940
-246.372
-241.026
-240.545
-246.882
-243.353
-238.073
-237.285
-237.352
-241.458
-239.343
-240.680
-238.872
-238.824
-240.256
-249.296
-245.632
-245.122
-239.785
-239.862
-241.228
-238.333
-236.602
-233.756
-242.939
-250.286
-245.267
-241.699
-237.795
-229.159
-237.054
-242.545
-246.276
-244.718
-248.219
-243.738
-237.487
-236.996
-235.968
-234.140
-239.160
-240.478
-241.112
-243.382
-235.948
-232.967
-237.525
-241.247
-242.285
-234.631
-241.257
-247.324
-234.054
-231.255
-243.199
-245.882
-237.343
-233.765
-238.910
-244.555
-241.939
-246.757
-241.401
-228.938
-232.332
-244.305
-243.959
-244.228
-233.958
-228.217
-237.410
-240.718
-242.295
-242.276
-244.007
-244.430
-235.467
-241.045
-249.065
-245.093
-236.496
-234.092
-244.526
-247.738
-243.834
-241.891
-238.564
-243.382
-243.093
-239.776
-241.170
-243.911
-239.593
-235.150
-233.996
-230.323
-240.651
-245.872
-241.458
-231.611
-236.343
-244.940
-242.074
-238.650
-236.093
-238.862
-236.958
-236.381
-234.804
-248.200
-246.901
-246.209
-240.651
-232.852
-240.872
-234.650
-234.227
-247.286
-239.093
-239.958
-238.016
-241.968
-251.373
-242.930
-237.218
-241.093
-237.516
-235.852
-229.159
-235.948
-243.459
-241.199
-241.314
-236.727
-235.352
-233.631
-236.535
-233.852
-233.871
-242.055
-240.487
-235.660
-240.920
-243.420
-237.958
-240.853
-244.892
-250.027
-244.853
-238.025
-239.968
-246.171
-241.968
-249.498
-248.728
-249.680
-244.372
-239.016
-236.516
-236.631
-243.728
-240.497
-241.151
-242.016
-240.228
-238.593
-238.862
-237.689
-243.670
-253.171
-247.584
-246.132
-239.622
-238.304
-235.073
-239.324
-246.084
-250.998
-253.642
-247.834
-247.026
-244.805
-242.305
-234.390
-233.313
-241.074
-247.536
-241.910
-241.035
-237.237
-237.573
-243.603
-239.122
-240.074
-237.929
-242.151
-239.968
-244.141
-247.959
-246.873
-226.063
244.084
904.972
444.326
40.466
-52.813
-107.483
-163.989
-210.898
-161.190
-104.723
-192.809
-220.495
-236.968
-210.609
-189.328
-224.120
-208.734
-207.589
-219.889
-222.466
-228.419
-227.111
-233.669
-228.467
-212.263
-209.215
-209.849
-219.447
-221.476
-221.629
-234.823
-242.766
-234.660
-228.428
-227.890
-225.399
-216.812
-221.495
-231.092
-237.016
-232.698
-234.862
-230.486
-222.014
-224.024
-222.639
-228.746
-229.726
-227.419
-229.438
-232.140
-237.410
-233.477
-228.765
-226.899
-231.505
-228.524
-232.044
-226.313
-231.592
-237.006
-233.871
-229.765
-227.111
-222.745
-229.900
-232.217
-234.977
-228.111
-223.649
-216.860
-225.803
-231.707
-228.813
-231.909
-229.630
-231.477
-232.833
-224.360
-221.341
-227.111
-230.207
-235.237
-227.880
-223.072
-233.352
-237.939
-236.410
-225.793
-225.264
-224.139
-221.370
-223.226
-227.967
-230.409
-226.091
-223.601
-225.697
-225.409
-223.437
-224.264
-214.148
-219.321
-221.322
-221.793
-222.735
-227.476
-226.572
-227.784
-221.120
-230.852
-230.073
-230.573
-229.909
-230.227
-226.303
-221.956
-227.342
-226.986
-220.706
-221.552
-231.188
-230.659
-227.399
-230.092
-239.804
-235.044
-226.870
-221.293
-224.534
-217.235
-214.081
-223.216
-229.303
-229.428
-229.111
-221.697
-210.196
-213.369
-223.630
-226.130
-222.793
-225.034
-221.581
-219.235
-229.669
-216.975
-211.676
-226.630
-228.197
-221.216
-220.475
-228.428
-229.371
-229.111
-224.053
-220.783
-213.898
-224.582
-221.379
-232.073
-226.380
-224.476
-226.563
-218.898
-207.878
-218.100
-222.870
-228.553
-230.746
-223.014
-220.197
-222.928
-219.418
-217.725
-224.774
-227.370
-224.476
-224.707
-217.619
-220.658
-216.110
-213.907
-217.975
-222.601
-226.111
-219.687
-223.639
-232.563
-226.543
-227.149
-222.639
-217.100
-217.273
-211.484
-220.110
-226.947
-224.178
-232.746
-230.823
-229.034
-226.938
-228.794
-219.514
-214.081
-218.514
-223.918
-224.630
-230.659
