ãÿ+ÿËá^ÿÿá£ÿ!£ÿ“ËÿQã£ÿƒá«ÿ¡£HX711 Demo
Initializing the scale
Before setting up the scale:
read: 		-9756
read average: 		-13016
get value: 		-14122.00
get units: 		-14992.0
After setting up the scale:
read: 		-10611
read average: 		-14463
get value: 		-6709.00
get units: 		-29.1
Readings:
-79.287
-109.685
-107.608
-91.923
-78.249
-66.603
-71.431
-90.173
-88.144
-64.661
-6.424
29.494
31.821
18.223
-11.405
-27.330
-36.388
-37.014
-34.917
-30.609
-23.118
-28.667
-15.925
14.992
32.003
41.293
42.505
22.387
14.857
-2.635
-31.609
-27.407
-11.790
5.164
-2.106
-8.866
8.616
25.589
25.118
9.741
-19.060
-46.736
-61.093
-59.603
-68.219
-66.122
-82.942
-89.846
-91.952
-87.317
-98.962
-100.318
-94.827
-88.461
-87.529
-84.230
-88.846
-85.442
-79.335
-89.106
-98.491
-99.847
-89.269
-84.326
-92.568
-105.819
-131.995
-132.312
-114.695
-116.772
-116.887
-116.916
-110.531
-105.781
-106.463
-97.174
-89.173
-97.164
-105.530
-110.204
-116.012
-120.715
-117.003
-110.368
-96.491
-98.934
-104.059
-113.204
-118.667
-114.214
-118.965
-173.499
-190.309
-162.354
-163.287
-159.229
-171.134
-228.553
-236.294
-212.946
-222.331
-222.937
-215.860
-216.013
-207.984
-200.560
-210.782
-213.773
-218.764
-219.956
-229.890
-235.391
-233.410
-223.216
-197.617
-196.684
-221.427
-197.521
-170.566
-160.344
-135.005
-129.610
-154.555
-199.935
-389.445
-571.128
-443.249
-408.457
-423.382
-374.665
-362.298
-371.280
-407.236
-446.086
-450.058
-482.696
-538.759
-528.028
-354.980
-195.136
-254.960
-177.884
-73.335
-224.303
-329.795
-218.302
-134.928
-186.760
-185.654
-125.302
-94.866
-173.278
-226.707
-195.454
-166.374
-169.778
-159.748
-155.545
-138.428
-137.524
-150.285
-160.681
-166.268
-172.778
-171.489
-177.509
-168.989
-160.325
-161.844
-168.595
-172.538
-186.616
-195.723
-213.321
-238.987
-241.882
-217.081
-192.242
-191.645
-189.780
-195.319
-210.955
-219.360
-239.093
-267.211
-296.012
-317.726
-311.389
-291.118
-292.945
-315.524
-338.815
-362.000
-377.733
-369.991
-355.211
-359.356
-367.712
-394.917
-387.012
-378.704
-380.579
-388.974
-425.690
-447.423
-457.491
-484.157
-508.843
-533.182
-535.548
-514.728
-510.429
-531.480
-576.763
-621.268
-633.000
-629.788
-631.846
-630.317
-629.048
-636.414
-655.051
-676.149
-692.487
-702.411
-688.285
-652.185
-606.151
-556.117
-530.614
-522.421
-503.583
-478.397
-425.459
-109.146
784.045
648.463
362.164
374.703
448.500
420.506
228.111
380.329
461.309
311.562
313.707
349.508
281.924
320.034
285.059
245.786
283.136
272.875
283.607
282.290
254.845
267.404
266.961
232.813
239.958
215.129
235.025
206.936
174.932
164.018
127.898
176.182
77.508
109.848
61.285
48.428
37.196
6.731
9.895
-24.541
-25.503
-25.157
-30.186
-24.051
-32.609
-42.206
-37.014
-34.523
-38.966
-35.763
-33.532
-39.389
-29.946
-29.811
-32.340
-33.648
-43.957
-37.889
-39.860
-43.351
-25.291
-29.888
-39.062
-35.965
-33.282
-35.196
-38.466
-28.138
-25.291
-34.658
-32.167
-28.580
-38.831
-28.926
-33.571
-45.274
-48.803
-37.648
-35.629
-36.417
-35.744
-34.456
-38.437
-44.601
-38.014
-33.840
-37.042
-36.100
-38.937
-35.869
-32.561
-31.321
-46.120
-49.178
-43.812
-33.263
-37.235
-47.120
-33.802
-33.302
-44.226
-28.743
-18.473
-35.042
-46.890
-42.851
-42.755
-37.860
-40.264
-34.879
-38.821
-37.841
-29.869
-24.195
-29.811
-35.648
-36.129
-32.350
-26.897
-30.099
-40.254
-47.784
-40.552
-42.178
-40.783
-39.322
-34.023
-34.206
-39.110
-46.197
-34.908
-31.532
-35.436
-38.360
-34.157
-34.138
-33.879
-33.292
-36.917
-36.081
-31.484
-29.167
-27.089
-36.715
-42.851
-34.148
-40.726
-33.032
-32.965
-35.581
-41.745
-36.581
-30.224
-26.291
-12.463
-27.138
-41.562
-31.648
-40.976
-43.226
-34.831
-33.234
-16.146
-21.098
-41.601
-38.543
-41.072
-41.918
-37.966
-38.995
-40.812
-46.313
-45.486
-38.091
-45.322
-49.592
-38.485
-27.743
-42.553
-45.668
-48.467
-46.697
-44.755
-38.543
