÷HX711 Demo
Initializing the scale
Before setting up the scale:
read: 		-55341
read average: 		-56434
get value: 		-55979.00
get units: 		-56801.0
After setting up the scale:
read: 		-56526
read average: 		-56356
get value: 		-590.00
get units: 		0.3
Readings:
-10.924
-15.136
-4.674
-0.837
-8.924
-7.107
1.519
-4.010
0.539
4.635
4.558
-0.548
-0.500
-5.231
-13.876
-6.606
-4.202
-8.386
0.192
-4.279
-9.126
-7.135
0.481
2.846
-3.520
-12.617
-6.578
0.231
1.125
-4.876
-2.721
-0.606
-7.453
3.606
1.087
-7.905
-8.039
-3.481
0.615
1.616
7.030
0.577
0.798
-3.673
-3.635
-5.866
-8.299
-7.712
2.144
2.866
27.128
46.390
53.525
49.169
34.994
33.561
34.773
26.234
34.273
57.227
75.123
84.240
88.471
69.200
47.053
34.167
3.250
-41.004
-63.257
-56.198
-26.359
-40.139
-87.817
-112.916
-140.505
-170.172
-180.712
-180.971
-172.970
-167.431
-172.143
-168.210
-147.064
-133.380
-119.522
-107.704
-119.311
-137.178
-142.919
-139.342
-128.062
-118.051
-120.244
-110.262
-102.117
-103.646
-95.279
-89.231
-92.375
-84.903
-72.267
-38.187
16.184
58.410
59.391
21.406
-14.482
-12.434
-3.173
-6.895
-12.588
-2.202
20.069
27.436
22.214
16.608
5.933
4.895
10.482
1.894
-3.635
-5.587
-4.260
-4.549
-20.820
-7.703
43.870
119.897
196.194
235.006
238.314
246.257
236.631
212.667
182.394
156.661
130.312
96.106
27.320
-36.494
-26.541
45.082
95.001
74.979
58.660
31.869
-42.678
-121.734
-184.529
-229.448
-266.702
-286.588
-267.250
-237.093
-206.695
-195.098
-190.126
-186.318
-202.502
-208.936
-190.530
-178.307
-163.825
-152.891
-149.554
-199.223
-244.795
-248.132
-219.196
-202.031
-217.917
-204.022
-192.146
-213.080
-239.708
-260.634
-266.192
-250.873
-235.766
-182.577
-140.832
-142.121
-146.564
-150.458
-137.842
-143.583
-149.295
-153.891
-167.258
-208.416
-263.884
-300.715
-337.469
-377.348
-456.779
-560.416
-651.598
-703.719
-767.351
-808.279
-779.102
-774.900
-762.918
-739.233
-722.202
-700.584
-708.893
-727.510
-740.550
-749.705
-744.868
-736.886
-729.193
-730.270
-743.820
-759.831
-763.274
-757.792
-734.396
-745.493
-760.225
-770.880
-782.872
-790.931
-799.422
-819.116
-861.496
-902.202
-932.426
-953.092
-958.718
-960.641
-980.922
-1027.321
-1082.048
-1093.482
-1068.422
-1054.382
-1069.354
-1091.222
-1127.284
-1158.768
-1192.031
-1223.284
-1260.750
-1293.580
-1315.563
-1340.537
-1357.376
-1374.724
-1391.504
-1405.410
-1394.264
-805.105
975.729
1152.344
902.981
869.189
737.617
421.766
446.423
350.720
149.949
-103.242
124.706
247.555
242.103
159.469
108.290
134.716
169.633
151.180
141.890
126.812
158.132
154.824
127.014
131.101
152.285
150.949
135.197
141.746
157.959
147.756
147.160
152.651
158.151
175.913
154.305
146.852
144.362
138.515
163.854
157.700
145.467
142.496
148.141
141.332
140.880
138.871
141.534
144.708
143.410
148.227
152.439
143.900
141.207
149.131
142.909
143.852
138.101
140.044
147.958
156.642
136.986
145.208
156.873
119.542
163.364
136.947
146.227
159.729
156.363
147.997
141.611
166.268
129.860
135.745
150.228
139.861
149.160
144.371
154.786
150.343
147.372
148.881
149.256
147.314
152.026
149.795
148.295
154.238
138.524
106.915
109.983
158.488
201.829
175.173
172.788
187.549
190.530
180.260
166.518
171.999
182.068
175.500
170.980
174.115
172.817
174.365
173.297
179.336
179.221
180.115
185.154
173.922
165.960
170.701
162.652
170.134
170.576
151.632
140.736
146.775
152.334
134.418
124.696
135.524
161.152
176.278
161.373
144.390
154.199
162.142
150.708
149.391
156.815
147.545
156.113
161.200
153.113
155.238
169.499
160.056
148.708
164.912
173.336
154.199
150.458
161.931
157.680
143.092
140.611
151.593
152.035
149.718
148.901
150.314
156.748
147.352
142.313
132.610
146.352
179.567
192.597
174.124
163.796
159.219
165.133
181.510
188.337
181.606
175.057
168.287
163.469
163.229
163.181
170.489
168.710
159.719
155.026
149.651
147.929
153.632
149.227
146.766
157.151
165.364
169.201
163.566
171.855
174.269
170.489
159.305
163.142
171.066
164.181
162.575
171.518
168.451
163.691
165.306
173.134
169.720
157.219
150.285
155.574
155.517
152.151
137.851
143.938
150.305
151.949
154.132
160.123
159.132
157.575
156.459
183.981
149.920
131.004
129.831
164.114
191.280
149.227
166.931
166.143
162.056
167.095
172.826
170.037
166.306
171.980
157.421
144.689
147.920
139.678
138.813
140.832
142.179
147.583
144.958
159.498
151.132
137.505
128.793
135.697
144.467
142.938
143.862
160.421
172.268
155.863
153.266
148.977
161.267
173.143
173.153
164.239
163.614
161.710
161.767
159.863
147.900
150.814
150.930
150.785
147.362
146.006
141.323
137.092
131.456
140.361
140.832
141.371
139.284
140.246
139.726
139.919
145.679
151.257
166.768
158.498
157.507
159.113
162.354
171.480
168.220
157.478
155.680
160.334
158.873
158.392
157.199
147.487
149.276
147.323
146.448
146.977
148.131
146.891
148.179
148.285
148.439
147.997
153.747
157.373
143.265
151.516
163.008
161.402
163.537
163.787
162.575
157.700
157.757
148.352
148.391
159.507
159.469
150.651
148.545
156.642
167.037
151.362
141.179
142.198
151.555
147.766
136.649
143.438
157.594
159.825
157.305
146.621
145.419
157.796
146.554
142.179
152.324
152.776
151.516
155.045
143.313
138.621
133.784
139.678
151.314
152.699
152.584
149.785
139.967
141.448
136.918
138.544
152.459
142.159
139.640
143.111
148.045
153.363
147.718
140.063
141.707
146.294
145.083
138.140
143.881
154.334
154.084
148.824
139.553
144.958
146.371
148.737
151.132
159.854
152.497
156.324
156.046
152.680
147.987
149.256
153.901
158.507
150.141
137.774
137.226
143.544
147.833
148.449
150.487
148.189
140.727
142.246
150.362
154.526
147.275
148.766
151.458
150.891
150.199
142.784
147.362
147.054
139.919
153.026
153.882
158.728
156.084
148.564
140.150
140.727
141.390
144.929
144.823
149.631
149.199
140.390
