HX711 Demo
Initializing the scale
Before setting up the scale:
read: 		-25299
read average: 		-27568
get value: 		-28464.00
get units: 		-34166.0
After setting up the scale:
read: 		-31417
read average: 		-33773
get value: 		-3968.00
get units: 		-16.8
Readings:
38.687
61.766
63.189
61.680
54.477
54.429
66.901
85.432
98.059
113.099
100.540
49.361
51.611
79.480
90.539
68.815
75.652
94.414
87.615
36.744
41.658
49.274
33.302
29.369
12.992
-6.866
-17.646
-31.398
-52.669
-62.295
-79.105
-94.664
-91.798
-90.856
-102.184
-96.539
-79.855
-65.911
-65.353
-61.439
-53.756
-48.447
-60.891
-68.315
-80.547
-81.586
-79.133
-92.779
-94.568
-98.299
-103.059
-95.616
-89.683
-76.787
-64.411
-75.210
-90.135
-85.625
-85.173
-99.145
-96.501
-100.193
-102.396
-110.839
-105.684
-102.876
-99.068
-93.798
-87.557
-92.587
-98.414
-91.894
-89.336
-87.048
-96.356
-98.482
-98.539
-95.491
-90.173
-85.846
-80.711
-85.028
-68.392
-42.697
-67.017
-111.666
-153.372
-126.417
-93.068
-72.912
-41.197
-35.129
-41.024
-49.659
-55.198
-72.489
-94.308
-117.493
-119.926
-109.454
-93.741
-68.959
-68.680
-58.949
-51.179
-24.281
5.712
35.475
67.142
83.634
72.614
44.611
18.175
-18.242
-38.716
-48.284
-52.506
-30.599
-0.596
0.154
-17.896
-13.242
-6.539
-0.096
4.962
4.635
-0.875
11.309
16.704
-7.751
-18.271
-3.818
24.916
43.457
62.593
51.813
50.515
41.024
23.310
4.270
-7.232
-19.377
-19.464
-12.117
-10.770
-6.068
-0.163
-4.222
11.645
-2.587
-24.397
-32.590
-37.879
-38.052
-31.119
-29.042
-25.984
-14.819
-22.733
-32.648
-39.273
-44.697
-45.207
-28.907
-14.944
-16.925
-19.175
-23.522
-32.994
-37.754
-25.503
-10.405
-7.943
0.260
15.011
24.320
15.579
14.790
12.203
4.231
-3.770
-3.712
4.770
3.962
6.905
6.453
14.713
12.463
4.943
2.260
3.548
-1.760
0.038
-2.029
-0.740
3.943
5.193
13.021
6.280
11.530
17.925
10.520
14.117
19.252
24.387
14.992
12.723
13.376
12.751
18.858
26.926
25.676
32.311
24.233
17.377
7.424
5.481
12.415
7.770
-6.924
-9.030
-5.289
-4.924
-6.866
-13.915
-11.251
-11.867
-8.462
-18.415
-34.196
-47.899
-54.910
-55.006
-50.698
-44.697
-30.022
-24.666
-17.752
-2.568
-9.770
-21.791
-33.465
-32.907
-34.677
-19.271
-9.818
-4.375
-15.732
-0.673
3.760
-5.770
-11.857
-19.896
-25.147
-35.340
-47.428
-46.543
-48.899
-45.822
-41.889
-33.802
-20.146
-19.964
-48.890
-76.172
-81.297
-91.769
-85.480
-78.230
-73.056
-68.921
-63.488
-67.142
-82.970
-102.328
-103.905
-86.538
-98.847
-98.741
-81.201
-78.874
-73.633
-78.268
-88.365
-91.279
-106.608
-106.156
-95.808
-85.028
-79.037
-75.287
-76.652
-75.422
-82.432
-90.010
-89.740
-85.653
-87.807
-91.192
-82.720
-74.335
-74.171
-80.403
-84.846
-92.923
-94.818
-97.280
-95.135
-106.165
-104.338
-86.759
-91.846
-89.173
-81.124
-90.048
-89.846
-84.855
-97.962
-102.088
-101.540
-104.482
-100.597
-96.558
-94.789
-95.039
-91.529
-83.951
-78.037
-80.143
-87.836
-95.241
-90.577
-84.528
-93.750
-99.780
-111.762
-96.481
-93.693
-90.875
-88.442
-93.712
-102.338
-103.030
-98.482
-109.579
-116.753
-112.166
-106.588
-97.405
-109.242
-111.560
-98.780
-93.616
-101.251
-103.684
-108.627
-114.551
-114.156
-109.089
-126.562
-140.986
-138.486
-140.217
-147.410
-151.218
-149.574
-156.805
-165.345
-164.306
-167.931
-166.902
-161.094
-162.344
-177.856
-181.462
-178.808
-179.663
-185.260
-190.078
-193.405
-188.299
-188.886
-192.347
-192.126
-199.973
-198.512
-191.847
-181.991
-185.251
-191.559
-189.376
-195.454
-199.117
-192.540
-192.396
-195.511
-194.530
-198.175
-203.656
-202.233
-194.627
-194.905
-208.618
-215.436
-213.321
-223.120
-219.591
-234.352
-247.901
-237.218
-215.398
-218.937
-214.321
-207.445
-191.040
-177.788
-177.423
-185.077
-186.376
-208.070
-224.014
-235.650
-243.103
-231.236
-222.889
-223.697
-228.467
-222.928
-219.831
-218.629
-217.090
-225.332
-247.930
-267.798
-291.473
-314.062
-334.728
-341.661
-349.355
-353.980
-346.335
-342.854
-342.383
-338.690
-331.093
-342.738
-342.383
-343.421
-342.729
-339.084
-347.864
-376.704
-400.168
-411.217
-411.775
-403.774
-392.138
-383.435
-371.713
-338.536
-344.998
-388.666
-399.648
-383.772
-373.242
-367.568
-381.945
-426.267
-469.685
-491.706
-500.101
-493.668
-466.925
-449.211
-466.925
-508.775
-540.769
-544.500
-530.393
-527.960
-473.070
381.791
1257.894
1081.952
832.204
882.325
836.012
752.196
611.988
718.884
769.034
703.575
694.218
730.020
716.894
691.718
686.285
653.714
610.315
538.442
506.516
455.866
424.488
398.485
368.876
347.883
310.629
282.347
258.883
224.216
200.906
173.826
148.314
123.234
96.453
85.221
63.353
48.005
19.983
1.366
-16.502
-18.444
2.048
21.339
42.793
76.297
100.953
91.702
62.901
60.401
78.028
83.692
63.766
43.082
43.591
49.957
45.668
39.523
33.609
34.186
38.533
39.081
34.879
43.072
74.671
75.412
75.970
80.893
79.643
74.075
69.825
62.439
45.861
50.227
52.775
62.237
71.431
80.605
73.441
63.632
64.459
69.709
58.650
51.938
41.014
35.388
52.448
61.603
75.220
74.671
66.286
48.044
43.072
56.900
64.103
67.209
82.538
92.144
72.392
71.700
81.499
85.509
93.068
82.220
77.595
66.084
37.591
31.888
21.146
10.059
16.309
41.177
49.034
81.288
90.173
76.114
66.796
57.487
50.486
44.928
38.129
37.869
45.611
40.120
42.870
45.591
40.677
44.543
57.747
54.246
47.370
51.919
63.074
76.941
78.220
79.999
75.027
62.507
61.122
46.755
37.841
41.197
60.997
73.739
63.161
76.883
79.912
62.564
64.843
47.678
38.504
33.792
35.475
58.285
60.814
60.305
70.431
71.931
70.921
78.999
72.585
72.152
69.190
75.008
65.151
51.457
52.054
53.660
53.015
54.439
56.266
56.996
55.804
60.593
69.238
70.498
72.238
80.278
76.922
63.074
58.400
56.891
63.882
60.054
52.111
60.401
63.632
59.189
64.901
68.796
56.785
70.132
78.364
67.190
87.221
81.509
68.286
68.277
50.323
47.486
56.468
54.573
61.872
63.795
69.979
63.680
53.958
42.716
39.177
41.129
42.985
49.775
70.229
81.672
84.249
84.124
87.961
92.798
81.941
65.488
49.803
47.832
37.071
38.485
45.101
42.485
58.612
61.439
63.141
55.285
52.227
67.305
67.834
67.901
68.190
64.074
68.892
65.055
54.150
52.525
52.852
62.680
65.834
66.949
76.700
69.267
79.470
71.363
60.487
61.882
70.527
65.353
62.507
75.787
56.564
49.784
64.959
64.911
