HX711 Demo
Initializing the scale
Before setting up the scale:
read: 		-22081
read average: 		-21571
get value: 		-21792.00
get units: 		-21045.0
After setting up the scale:
read: 		-20622
read average: 		-21258
get value: 		-1259.00
get units: 		0.3
Readings:
-2.260
-2.500
-9.626
-9.088
-6.703
-4.231
6.395
1.914
-11.588
-12.069
-6.837
-14.790
-15.232
-5.270
-8.751
-9.068
-5.703
-2.327
-4.327
-9.001
-9.953
-7.135
-9.001
-3.096
-3.991
-10.386
-4.991
-5.578
-6.616
-8.818
-6.001
5.674
7.010
3.337
-7.020
-9.309
-12.213
-11.780
-10.299
-8.116
-8.405
-12.771
-8.693
-13.348
-5.289
-1.683
-11.165
-1.471
-4.558
-14.857
-2.356
-5.097
-4.049
2.702
-9.145
-5.222
-4.424
-15.088
-16.627
-9.136
-4.270
-5.703
-1.298
8.001
-3.510
2.058
-8.972
-11.040
-5.183
-13.376
-9.886
-9.539
-9.530
-9.001
-12.184
-2.981
-7.780
-9.491
-7.001
-7.145
-6.385
-9.434
-1.664
-1.808
-11.742
-1.000
11.751
8.164
4.299
-2.298
-4.491
-0.683
-9.645
-9.511
-9.761
-13.915
-12.838
-22.368
-20.839
-2.433
1.981
-2.337
-11.819
-13.636
2.231
-4.250
-8.761
-4.000
0.298
2.481
-11.492
-6.731
5.116
3.789
-11.270
-4.760
-1.269
-15.492
-19.194
-14.059
-0.942
-3.270
-6.731
-8.934
-7.789
-1.846
9.347
12.271
1.808
-2.712
-5.703
-8.010
-8.299
-8.905
-10.780
-12.107
-6.626
-3.068
-5.626
-10.905
-10.088
6.655
-12.973
-15.809
1.548
5.606
-6.770
-5.818
-0.673
2.106
-5.904
-2.202
6.126
-1.414
-0.279
-4.347
-2.221
5.347
-10.203
-6.366
7.972
-8.049
-3.500
4.106
-4.308
-5.991
6.039
13.213
1.500
15.531
6.289
-5.587
5.231
8.837
8.357
2.087
4.606
-1.135
3.048
0.817
-7.607
-6.760
2.443
3.645
1.885
-0.587
-11.867
-4.010
5.337
-2.529
-18.319
-15.829
-12.674
-17.367
-8.328
9.213
-0.356
3.385
4.049
-6.280
-2.308
-1.635
-8.212
7.087
10.857
0.279
-7.107
-6.020
-6.731
-7.722
-10.347
-15.117
-11.713
-4.039
-7.433
-7.962
-10.030
-6.645
-3.731
-9.953
-18.617
-14.530
0.500
0.337
-4.722
-6.308
-8.549
-12.819
2.693
3.145
-3.250
-6.020
-5.212
-8.559
-6.472
-2.731
-2.375
-4.049
-4.597
-3.260
-1.289
-5.645
-12.790
-4.154
1.644
-10.559
-9.828
-1.971
-4.452
-0.183
-2.904
-6.049
-5.626
0.433
3.010
3.491
-1.971
5.058
-1.539
-8.328
-0.029
13.194
6.453
1.452
5.443
0.077
-3.568
-8.520
-11.242
-1.981
-0.702
4.049
8.135
-0.596
0.837
-4.087
-1.308
6.222
6.674
-8.116
-11.492
-6.808
-7.058
-15.367
-8.732
-0.990
2.279
-3.606
0.962
-0.029
-18.242
-27.214
-29.619
-23.060
-16.377
-0.202
4.539
9.549
13.867
3.895
-0.625
2.452
-4.645
-11.001
-9.280
-4.404
-10.838
-4.058
-8.530
-3.702
7.905
-3.337
-8.511
5.501
7.760
-3.491
-5.741
-9.088
-12.665
-26.041
-26.282
-26.118
-26.522
-9.645
-1.962
7.530
5.597
10.318
5.414
2.212
9.193
4.529
2.414
4.125
-8.357
-13.953
-16.213
-21.339
-14.059
-24.147
-24.820
-19.656
-24.435
-21.079
-13.357
-11.895
-5.414
3.568
0.692
4.924
-0.048
-14.905
-17.098
-2.308
-10.366
-11.674
-9.482
1.567
-8.664
-14.540
-5.808
0.817
0.894
5.597
18.175
8.270
-2.500
0.327
8.472
7.664
0.087
7.376
0.308
-9.136
-7.001
-20.964
-20.800
-19.271
-22.127
-25.483
-11.328
-8.934
-22.166
-30.272
-29.397
-29.551
-30.955
-21.348
-6.751
10.001
4.202
-3.933
14.223
12.299
-19.089
-14.829
1.885
1.327
1.539
8.472
6.289
15.280
-5.154
-28.493
-43.043
-38.841
-38.148
-29.734
-20.954
-16.665
-4.222
-5.135
-15.136
-12.751
-13.521
-13.559
-26.724
-24.339
-17.415
-26.907
-30.849
-29.878
-37.841
-36.167
-24.214
-9.530
5.106
3.135
-1.202
-16.579
-30.205
-28.349
-29.580
-50.275
-33.686
-1.414
-1.298
-32.898
-45.668
-38.533
-20.089
-9.530
-15.607
-19.454
-16.733
-33.715
-46.861
-49.121
-45.274
-24.772
-25.185
-22.974
-32.398
-44.851
-40.322
-37.658
-19.685
-22.887
-26.311
-2.356
-0.106
-8.280
-5.818
-3.193
6.347
-2.241
-11.030
-5.077
-7.645
2.943
-3.231
-10.636
1.269
-1.423
-7.818
-14.540
-22.637
-15.675
-27.234
-22.858
-6.818
-9.049
-22.685
-19.954
-2.587
14.809
2.789
-15.867
-15.357
-13.771
-5.270
-4.885
-0.183
0.298
-0.067
-18.569
-23.685
-14.636
-15.011
-18.137
-14.905
-3.847
9.530
12.136
-3.722
-17.435
-18.396
-19.377
-27.657
-23.781
-17.819
-16.665
-22.099
-20.377
-25.907
-30.744
-37.475
-47.380
-60.314
-69.767
-81.941
-77.364
-77.585
-79.585
-92.635
-100.107
-108.396
-124.225
-135.678
-145.439
-160.334
-175.557
-196.358
-215.821
-191.078
-177.077
-237.121
-265.278
-276.674
-262.817
-249.873
-246.065
-245.343
-249.142
-279.030
-323.679
-361.067
-374.790
-354.028
-345.354
-341.863
-303.686
184.289
1083.356
993.904
846.350
607.767
586.139
649.704
484.513
383.050
572.330
597.006
534.509
446.509
452.260
547.606
579.985
494.572
440.672
482.600
488.052
451.048
462.184
489.918
475.003
439.932
421.064
394.821
356.105
352.114
275.770
263.567
213.571
202.406
152.449
148.400
141.130
77.133
72.248
40.081
-12.405
-25.368
-34.186
-55.333
-56.266
-47.678
-30.974
-18.540
-9.838
-7.270
-22.560
-23.224
-16.954
-16.175
-25.166
-37.466
-39.302
-38.995
-38.004
-32.609
-24.483
-24.464
-29.590
-24.406
-22.887
-18.858
-14.732
-15.617
-7.087
-22.175
-22.108
-17.781
-31.109
-28.272
-17.627
-6.828
-7.943
-16.117
-19.223
-21.829
-26.618
-21.810
-32.811
-39.245
-43.735
-49.082
-45.341
-40.360
-34.456
-37.792
-24.647
-10.636
-10.453
-9.097
-18.031
-31.551
-24.897
-17.473
-23.935
-13.463
-11.338
-22.897
-29.570
-35.648
-41.245
-34.013
-15.838
-18.060
-18.531
-11.992
-15.011
-18.656
-28.128
-38.946
-30.869
-23.454
-21.397
-21.502
-23.666
-23.637
-20.425
-26.589
-28.224
-16.492
-15.502
-23.781
-33.907
-25.185
-19.358
-17.954
-20.512
-24.031
-19.156
-18.704
-21.714
-24.205
-20.002
-25.368
-24.503
-18.262
-12.271
-7.289
-17.031
-19.396
-23.320
-12.549
-19.329
-27.272
-26.791
-20.069
-27.541
-34.177
-23.464
-19.050
-18.848
-16.521
-19.829
-19.396
-24.426
-18.127
-9.136
-12.723
-17.319
-15.107
-16.877
-21.146
-23.868
-19.117
-12.809
-19.271
-22.445
-9.174
-10.232
-17.136
-18.579
-26.657
-23.656
-17.281
-16.867
-14.059
