HX711 Demo
Initializing the scale
Before setting up the scale:
read: 		9858
read average: 		10918
get value: 		10971.00
get units: 		10851.0
After setting up the scale:
read: 		10867
read average: 		9370
get value: 		-2420.00
get units: 		-24.2
Readings:
-16.281
-27.830
-26.734
-19.291
-14.444
-22.377
-27.214
-20.570
-30.878
-47.447
-31.032
-29.215
-44.399
-44.139
-36.013
-40.379
-53.246
-46.207
-37.042
-30.205
-28.599
-40.533
-55.006
-39.629
-41.456
-41.206
-37.821
-43.024
-48.582
-54.313
-61.314
-64.459
-82.701
-88.577
-79.807
-71.133
-78.037
-88.894
-84.759
-79.787
-72.796
-84.778
-96.193
-82.932
-80.768
-86.048
-61.497
-82.874
-103.348
-104.848
-110.695
-118.638
-96.731
-82.797
-83.528
-102.723
-98.184
-69.507
-73.989
-84.230
-87.442
-72.950
-82.509
-94.414
-80.624
-81.143
-79.105
-80.364
-77.258
-70.046
-74.556
-68.950
-71.498
-89.798
-94.549
-84.471
-83.211
-96.347
-85.951
-76.643
-81.605
-79.374
-87.490
-86.817
-82.172
-93.279
-105.607
-104.271
-105.761
-105.107
-104.886
-103.290
-104.107
-105.127
-104.732
-104.675
-111.031
-108.117
-103.328
-101.453
-112.089
-101.136
-90.048
-104.425
-105.348
-93.558
-86.528
-113.724
-121.725
-104.655
-113.166
-119.234
-102.213
-98.155
-104.232
-69.921
-40.418
-46.341
-59.824
-65.584
-91.250
-121.119
-130.485
-120.224
-103.588
-91.721
-83.326
-76.979
-84.432
-107.944
-141.505
-184.972
-224.918
-272.125
-306.465
-279.463
-217.206
-163.873
-128.158
-99.020
-106.963
-100.799
-86.625
-102.069
-116.666
-110.223
-102.174
-109.752
-126.937
-170.691
-197.954
-205.628
-223.976
-233.285
-225.476
-246.786
-295.185
-309.860
-321.207
-337.363
-365.876
-394.811
-414.044
-439.412
-443.490
-447.067
-446.201
-434.941
-439.893
-452.250
-447.952
-458.337
-472.243
-482.359
-498.188
-497.072
-498.438
-496.928
-499.284
-504.842
-512.862
-513.632
-514.161
-507.718
-487.860
-478.339
-464.723
-448.307
-470.579
-490.995
-482.984
-460.770
-457.837
-437.758
-420.256
-417.814
-420.805
-421.247
-424.266
-420.612
-414.467
-425.651
-428.382
-436.720
-451.000
-454.077
-470.800
-479.455
-477.436
-483.148
-481.696
-484.590
-499.717
-503.813
-491.052
-495.245
-502.015
-506.718
-517.180
-522.825
-524.623
-531.739
-545.395
-555.829
-567.618
-572.398
-568.888
-560.137
-546.433
-227.140
880.921
1063.267
999.395
970.902
850.485
830.492
836.378
801.374
757.360
766.082
684.448
370.213
314.341
554.328
668.321
660.013
646.896
638.174
605.016
430.479
266.432
438.201
573.244
538.779
416.756
246.411
241.901
315.880
284.502
226.351
157.113
160.007
169.047
149.352
96.558
68.017
50.996
14.954
-7.251
-43.610
-92.193
-73.796
-71.940
-91.837
-150.853
-187.905
-209.167
-219.254
-213.532
-233.756
-228.649
-218.706
-218.975
-228.534
-221.629
-213.186
-212.542
-219.004
-240.545
-221.562
-190.559
-207.484
-184.876
-181.529
-232.486
-237.179
-210.965
-224.466
-240.026
-215.581
-185.356
-196.665
-220.475
-218.129
-196.184
-186.722
-198.040
-195.790
-196.569
-199.233
-206.378
-220.149
-222.658
-220.177
-217.292
-215.138
-212.350
-207.782
-216.129
-208.907
-210.119
-222.024
-217.148
-225.245
-238.150
-228.371
-204.301
-203.704
-218.148
-219.091
-196.184
-197.463
-219.610
-199.348
-189.876
-205.224
-196.915
-209.628
-232.563
-224.370
-215.571
-240.333
-231.054
-217.398
-225.668
-224.014
-194.473
-179.096
-196.886
-176.548
-190.184
-235.554
-200.281
-203.839
-229.101
-223.812
-209.513
-209.705
-206.984
-216.148
-212.330
-202.916
-209.484
-206.724
-198.463
-199.694
-208.080
-207.426
-198.877
-199.867
-202.820
-209.897
-220.437
-217.466
-211.282
-213.129
-204.551
-200.646
-209.763
-210.388
-209.407
-200.627
-195.319
-196.156
-203.252
-198.060
-192.174
-189.309
-204.330
-206.301
-192.915
-204.349
-214.061
-210.503
-206.310
-204.291
-198.463
-202.050
-206.109
-201.868
-196.396
-202.810
-200.387
-213.282
-206.762
-213.811
-210.744
-207.253
-208.820
-210.724
-214.456
-202.531
-206.474
-212.186
-204.512
-193.280
-182.654
-195.867
-197.310
-186.991
-185.808
-197.492
-202.522
-206.493
-207.666
-208.513
-203.858
-200.002
-189.568
-194.694
-197.867
-191.126
-203.166
-217.639
-216.917
-215.658
-218.321
-209.051
-207.484
-210.340
-204.974
-203.868
-196.790
-194.511
-200.752
-187.934
-185.876
-195.280
-203.666
-198.877
-188.039
-200.358
