HX711 Demo
Initializing the scale
Before setting up the scale:
read: 		12949
read average: 		13879
get value: 		10526.00
get units: 		4511.0
After setting up the scale:
read: 		-7757
read average: 		-15420
get value: 		-15940.00
get units: 		-151.8
Readings:
-147.170
-146.679
-147.477
-151.699
-155.930
-147.593
-145.708
-149.006
-144.256
-148.977
-150.987
-155.017
-160.844
-152.641
-151.439
-151.276
-146.064
-146.487
-146.996
-143.111
-147.516
-149.054
-145.564
-149.151
-154.382
-146.795
-148.237
-151.449
-147.997
-149.093
-151.882
-143.938
-142.967
-141.852
-137.630
-140.640
-143.160
-149.814
-152.545
-149.718
-146.987
-153.122
-152.170
-152.641
-146.496
-143.188
-145.891
-145.996
-137.255
-147.545
-153.930
-150.968
-146.573
-147.737
-149.333
-149.362
-148.025
-149.920
-152.766
-146.756
-143.496
-150.939
-153.113
-148.795
-149.728
-142.679
-136.197
-137.111
-137.678
-148.670
-149.901
-146.496
-144.015
-150.006
-150.872
-144.506
-152.747
-153.228
-147.208
-143.131
-151.468
-154.574
-149.689
-148.122
-147.218
-153.468
-150.708
-148.516
-143.063
-142.409
-153.007
-147.439
-139.669
-140.082
-152.141
-148.304
-143.727
-142.025
-141.179
-155.594
-150.718
-143.400
-144.140
-133.601
-136.505
-138.303
-146.650
-154.545
-154.882
-159.305
-156.546
-77.556
768.419
1253.663
1165.124
1080.154
1022.321
976.066
838.734
1170.683
1535.625
1594.613
1391.331
1086.914
908.241
857.428
796.893
767.813
695.430
487.648
202.675
475.137
646.973
605.882
525.143
397.494
407.409
393.667
329.054
147.314
28.917
139.130
229.678
159.123
33.052
-45.534
-71.200
-63.786
-79.326
-119.282
-135.274
-113.608
-102.694
-115.820
-142.458
-143.236
-121.763
-132.562
-155.170
-157.094
-150.603
-150.074
-145.669
-145.987
-148.862
-149.035
-151.295
-156.219
-148.785
-134.687
-147.016
-152.285
-152.468
-160.979
-160.748
-148.612
-146.160
-144.544
-145.631
-150.795
-146.016
-153.363
-156.074
-149.054
-142.756
-149.016
-148.641
-141.150
-148.554
-144.371
-141.756
-152.853
-147.045
-146.737
-156.171
-145.516
-143.900
-151.420
-148.506
-147.208
-149.583
-154.843
-149.660
-149.910
-156.901
-156.988
-154.238
-148.131
-151.583
-154.555
-153.776
-141.025
-149.766
-155.603
-153.603
-150.247
-153.747
-148.343
-145.583
-156.363
-154.997
-148.574
-145.535
-148.477
-139.188
-140.130
-142.640
-139.515
-141.534
-148.602
-156.171
-156.094
-148.776
-152.718
-152.882
-153.401
-159.344
-152.747
-152.103
-155.824
-148.525
-139.188
-148.737
-151.622
-145.621
-146.218
-142.515
-149.362
-151.862
-142.861
-148.525
-148.814
-137.919
-143.294
-150.997
-147.352
-142.919
-145.237
-143.631
-150.545
-150.122
-150.987
-151.632
-141.621
-142.813
-139.621
-146.323
-151.180
-153.459
-157.748
-158.257
-152.420
-143.669
-142.486
-144.919
-146.294
-149.064
-143.563
-144.583
-156.401
-154.699
-150.603
-153.353
-150.054
-137.313
-136.072
-145.996
-150.987
-139.938
-137.486
-143.736
-145.044
-138.957
-150.833
-146.977
-140.929
-149.035
-151.151
-145.333
-151.083
-148.477
-143.256
-149.814
-151.468
-145.939
-148.535
-146.179
-152.699
-154.295
-145.227
-151.487
-155.469
-146.419
-150.035
-149.862
-151.353
-152.776
-143.919
-138.082
-138.169
-140.169
-146.785
-150.766
-152.978
-147.218
-145.775
-146.718
-151.632
-153.786
-147.150
-146.823
-151.545
-154.113
-140.929
-143.371
-149.477
-149.891
-138.303
-141.794
-152.949
-154.218
-150.074
-145.121
-144.381
-148.035
-153.382
-149.670
-143.275
-144.544
-155.834
-153.411
-152.968
-149.516
-156.401
-156.094
-159.055
-160.027
-154.449
-145.641
-147.785
-138.063
-141.736
-141.486
-140.602
-150.391
-154.545
-151.382
-148.016
-142.909
-144.939
-149.833
-153.593
-153.497
-148.295
-150.439
-143.208
-144.477
-140.246
-135.966
-144.746
-142.842
-143.294
-152.728
-152.391
-148.324
-154.026
-158.469
-150.391
-150.208
-148.737
-149.179
-147.583
-146.939
-146.246
-150.958
-150.430
-145.121
-144.025
-150.593
-151.180
-149.795
-138.621
-138.765
-150.054
-148.949
-146.660
-152.112
-152.218
-147.352
-148.891
-151.901
-146.593
-143.563
-144.862
-150.843
-147.573
-136.640
-145.342
-152.093
-150.910
-146.198
-135.630
-141.313
-142.948
-147.093
-145.506
-146.400
-155.151
-146.496
-150.343
-151.295
-143.352
-144.333
-147.314
-147.564
-152.285
-148.285
-150.064
-148.583
-149.679
-143.794
-143.775
-142.958
-153.266
-159.171
-162.142
-155.257
-147.525
-147.314
-137.794
-139.130
-141.409
-147.208
-153.834
