HX711 Demo
Initializing the scale
Before setting up the scale:
read: 		-16296
read average: 		-16227
get value: 		-16271.00
get units: 		-16123.0
After setting up the scale:
read: 		-16393
read average: 		-16181
get value: 		54.00
get units: 		0.2
Readings:
-0.817
7.809
5.587
9.924
6.982
2.943
3.654
-5.395
-2.693
11.213
8.222
-4.683
-2.770
1.356
5.299
2.116
2.202
-0.683
3.462
5.385
0.500
6.760
5.578
0.106
-2.702
4.183
3.587
-1.712
-0.548
4.520
6.857
-7.885
-11.184
2.221
14.328
8.924
2.298
2.654
1.221
-4.789
4.097
7.982
6.770
4.847
9.934
6.126
-6.943
-11.299
-2.298
3.500
3.077
-3.895
2.308
6.549
-0.462
0.327
5.914
3.616
-0.240
3.510
5.270
-2.327
1.048
2.433
8.270
3.645
-4.212
7.510
15.079
11.261
12.251
0.683
0.904
5.453
-0.635
1.337
7.645
9.289
5.491
-0.865
1.067
1.779
5.039
7.049
1.596
-0.817
10.415
10.366
-3.068
-4.020
2.846
-0.846
-4.529
0.308
-2.433
-9.539
-0.471
-2.337
-0.740
-2.087
-1.471
3.385
4.270
8.328
4.299
4.702
8.607
22.262
11.905
-0.414
3.712
9.463
0.038
-2.846
-6.318
-6.645
1.442
1.308
3.673
9.636
-0.135
3.202
-0.029
-10.078
-0.019
-1.750
-4.183
-5.962
-0.202
10.492
7.905
3.664
4.202
5.116
-0.692
-1.346
-0.846
-0.539
-0.750
1.000
2.366
8.414
0.885
-3.664
-4.856
8.924
9.915
-0.414
1.664
7.635
-2.068
-10.116
-11.694
-5.904
-10.674
-11.011
-6.106
18.665
47.745
18.127
-5.520
-18.800
0.087
23.233
3.597
-23.416
-0.317
34.619
25.868
-4.827
-10.799
12.924
20.079
13.184
13.934
33.763
55.554
38.562
1.837
-1.856
29.417
11.761
-21.714
-24.330
-17.492
-21.762
-30.003
-36.100
-29.897
-17.108
-17.021
-13.348
7.674
55.669
64.718
38.148
48.380
70.661
53.987
35.610
45.947
47.072
33.927
12.559
-5.366
2.164
5.154
-6.501
-16.819
-11.674
17.733
31.186
12.838
12.521
18.290
9.126
-7.357
-8.030
-10.059
-23.493
-20.175
-20.675
-30.657
-30.734
-18.079
-16.848
-21.223
-15.242
-11.645
-7.760
14.223
37.812
45.236
44.639
31.792
25.310
20.262
10.588
14.252
14.213
12.434
24.243
29.657
9.607
-13.088
-30.571
-24.041
0.490
-6.222
-20.983
-5.308
0.365
-15.848
-16.184
-21.435
-33.090
-32.965
-28.195
-27.022
-13.098
-15.482
-30.253
-31.244
-30.609
-33.638
-32.350
-46.726
-49.236
-37.898
-41.754
-39.360
-49.640
-43.091
-52.794
-80.085
-82.970
-88.423
-96.751
-104.482
-116.686
-130.264
-138.015
-151.035
-168.133
-175.490
-158.161
-124.821
-121.763
-170.634
-150.401
312.206
1611.970
1524.730
1304.033
1310.909
1241.325
1236.084
1202.628
1163.884
1080.433
1076.750
1071.114
1110.013
1071.836
1053.891
1044.140
1028.975
1016.849
923.349
821.376
773.583
748.897
761.399
739.367
625.115
519.844
446.355
436.787
448.346
468.502
417.708
342.902
307.273
287.040
250.334
181.375
133.158
106.117
57.852
11.992
-12.174
-15.617
4.058
5.529
121.715
206.762
39.168
-69.065
-110.800
-107.329
-87.577
-56.477
-37.937
-36.715
-62.497
-82.547
-64.382
-44.293
-49.198
-88.250
-100.020
-90.529
-77.470
-60.516
-47.640
-54.910
-55.544
-56.737
-67.267
-70.748
-58.256
-54.660
-62.603
-60.228
-62.911
-65.978
-54.217
-53.640
-50.015
-43.880
-46.688
-45.880
-48.678
-55.958
-50.169
-47.870
-52.929
-60.920
-65.488
-65.690
-63.488
-57.237
-53.006
-48.967
-51.332
-51.284
-49.467
-45.688
-45.418
-53.544
-59.651
-50.082
-49.198
-55.823
-61.583
-63.661
-57.016
-54.977
-58.833
-61.882
-64.949
-65.190
-54.919
-49.024
-52.429
-52.323
-55.352
-62.709
-61.035
-56.112
-48.371
-49.678
-41.870
-44.207
-50.852
-57.112
-56.400
-49.255
-50.544
-55.102
-52.438
-58.958
-61.247
-61.872
-59.045
-62.949
-62.372
-58.891
-66.449
-77.547
-75.335
-72.864
-66.978
-67.401
-68.411
-72.892
-70.671
-65.863
-72.306
-64.065
-59.526
-61.699
-65.305
-59.651
-47.024
-43.370
-47.130
-52.246
-54.890
-59.381
-59.227
-47.447
-48.197
-51.467
-47.697
-39.447
-42.851
-40.206
-40.860
-31.975
-30.051
-47.428
-59.381
-52.775
-43.524
-49.159
-52.419
-51.371
-40.399
-33.552
-41.581
-48.880
-50.082
-63.564
-66.959
-59.929
-49.361
-43.370
-32.984
-21.656
-26.782
-24.003
-24.464
-17.271
-7.722
-14.492
-21.031
-28.676
-23.426
-24.339
-38.764
-56.093
-57.198
-48.457
-45.159
-39.841
-31.446
-27.041
-25.974
-19.089
-16.425
-21.050
-16.434
-8.703
-14.194
-13.771
-17.560
-24.358
-28.618
-36.129
-40.235
-30.215
-30.234
-31.609
-34.196
-35.225
-26.137
