HX711 Demo
Initializing the scale
Before setting up the scale:
read: 		7514
read average: 		7407
get value: 		6931.00
get units: 		7644.0
After setting up the scale:
read: 		11960
read average: 		8544
get value: 		-158.00
get units: 		-5.3
Readings:
-4.520
-1.962
-3.039
0.125
-3.039
-9.645
-5.481
-11.944
-11.117
-6.222
-1.173
-1.818
-4.279
-2.135
-13.511
-15.713
-13.213
-12.992
-4.395
-1.635
-7.453
-15.280
-15.559
-6.174
-9.299
-13.867
-10.328
-3.298
4.049
0.558
-12.665
-16.925
-13.992
-21.445
-21.993
-18.031
-13.828
-9.953
-15.559
-10.761
-5.491
-3.385
-11.222
-17.031
-13.857
-13.232
-17.425
-15.290
0.481
0.385
-9.347
-8.568
0.404
-2.491
-6.597
-14.482
-21.243
-17.588
-15.290
-16.434
-6.106
-6.116
-11.367
-19.800
-11.626
-5.039
-4.404
-15.492
-29.426
-28.917
-14.069
-14.001
-20.752
-16.319
-16.790
-11.001
-11.963
-11.722
-8.039
-5.414
-7.030
-16.117
-23.041
-16.800
-23.512
-19.521
-22.570
-20.464
-20.983
-16.742
-17.290
-24.051
-19.560
-15.973
-17.415
-17.310
-17.954
-22.550
-18.002
-16.213
-14.780
-14.867
-15.934
-19.291
-15.761
-13.521
-16.002
-19.483
-17.713
-18.560
-19.723
-23.801
-19.521
-19.396
-18.992
-18.800
-11.742
-17.540
-25.003
-28.820
-29.676
-22.868
-22.387
-17.031
-12.674
-17.771
-16.050
-11.857
-12.886
-14.040
-11.578
-12.934
-18.387
-18.108
-11.924
-15.531
-18.954
-30.455
-35.110
-23.637
-20.762
-21.589
-21.146
-20.291
-24.570
-27.638
-22.339
-21.993
-23.310
-27.782
-28.638
-24.301
-22.435
-25.262
-21.002
-30.609
-38.533
-22.877
-16.934
-16.271
-20.579
-24.022
-12.924
-20.435
-18.867
-16.117
-21.002
-25.599
-21.781
-19.367
-24.503
-21.973
-24.455
-19.319
-18.348
-19.012
-17.213
-17.973
-19.396
-19.223
-22.724
-15.357
-8.539
-13.396
-17.069
-21.473
-25.685
-23.012
-19.742
-26.301
-25.214
-24.551
-29.397
-25.483
-24.416
-19.367
-21.175
-21.820
-27.099
-21.618
-27.984
-29.744
-23.310
-26.128
-25.743
-22.464
-22.281
-25.262
-30.715
-27.311
-18.589
-22.724
-18.088
-15.136
-18.300
-16.271
-25.166
-31.878
-25.253
-17.588
-23.291
-25.176
-24.387
-28.090
-24.935
-24.137
-25.570
-26.445
-31.340
-30.513
-23.906
-24.099
-33.619
-31.176
-26.426
-24.397
-27.493
-19.916
-16.790
-19.925
-16.069
-18.310
-24.137
-29.359
-27.993
-23.868
-21.598
-27.214
-24.330
-12.261
-20.579
-32.667
-26.272
-19.666
-19.714
-21.041
-15.136
-23.070
-29.417
-20.079
-19.492
-25.734
-24.560
-18.598
-15.521
-21.445
-28.638
-38.533
-30.676
-19.704
-24.762
-33.254
-29.417
-27.359
-29.946
-29.849
-23.695
-26.089
-30.051
-35.196
-29.474
-31.773
-34.311
-25.666
-26.743
-32.215
-31.061
-25.128
-20.233
-22.483
-29.888
-30.436
-25.262
-22.752
-29.734
-27.974
-33.888
-34.081
-31.725
-28.820
-24.858
-28.763
-33.609
-33.023
-18.396
-16.809
-27.041
-28.320
-28.176
-31.205
-35.754
-30.628
-24.541
-20.791
-19.800
-15.415
-24.156
-27.176
-23.377
-22.801
-28.340
-25.724
-24.205
-21.906
-22.801
-18.829
-17.887
-21.954
-14.982
-24.445
-30.580
-28.176
-27.176
-40.745
-42.081
-35.956
-25.330
-27.926
-33.052
-30.071
-24.243
-30.417
-29.907
-17.425
-27.484
-45.495
-28.378
-31.330
-47.717
-29.676
-19.175
-27.984
-29.167
-28.388
-20.925
-30.263
-21.166
-14.040
-21.406
-29.955
-34.090
-31.811
-25.647
-29.715
-23.781
-24.676
-34.638
-26.570
-33.917
-36.283
-35.456
-36.379
-31.388
-27.436
-28.551
-30.667
-24.368
-15.752
-20.733
-30.936
-30.878
-21.685
-24.830
-24.137
-37.552
-48.226
-34.100
-18.512
-15.367
-20.281
-22.022
-27.320
-33.350
-23.858
-21.483
-32.648
-34.734
-27.849
-29.965
-23.127
-17.377
-20.377
-26.003
-37.850
-34.129
-22.579
-21.973
-22.425
-27.628
-27.301
-32.398
-20.935
-19.512
-21.252
-24.301
-29.118
-24.310
-28.368
-42.293
-40.418
-27.138
-38.860
-44.774
-40.216
-31.330
-26.734
-18.492
-21.762
-24.108
-30.263
-23.512
-26.512
-26.916
-23.743
-23.974
-18.492
-18.800
-28.715
-41.783
-47.822
-44.024
-33.504
-30.138
-35.004
-37.254
-40.754
-36.860
-28.205
-41.562
-39.264
-37.696
-26.041
-33.946
-36.138
-31.263
-27.061
-26.628
-19.714
-21.416
-29.753
-37.821
-40.562
-32.552
-24.887
-18.271
-16.319
-25.416
-29.138
-28.993
-36.908
-36.244
-33.907
-22.166
-27.378
-36.302
-31.561
-35.840
-36.648
-35.119
-40.860
-46.313
-29.099
-25.560
-27.561
-25.445
-28.830
-32.119
-38.946
-48.726
-56.073
-38.043
-33.542
-31.099
-34.331
-31.590
-31.667
-40.254
-41.408
-35.225
-41.447
-37.206
-30.128
-27.878
-34.667
-36.840
-38.985
-28.772
-27.589
-31.619
-27.888
-29.580
-32.705
-39.322
-37.831
-33.177
-32.542
-38.062
-37.600
-30.744
-30.426
-32.051
-36.831
-35.687
-29.926
-31.984
-31.128
-36.235
-38.793
-39.754
-45.457
-48.207
-39.062
-34.763
-37.648
-38.293
-33.802
-30.503
-36.744
-42.620
-37.427
-37.129
-35.879
-36.427
-40.360
-33.561
-28.032
-32.763
-40.408
-38.110
-42.649
-34.686
-32.273
-28.590
-37.591
-39.091
-47.457
-41.678
-33.898
-37.677
-42.466
-26.003
-5.635
-12.319
-35.446
-31.561
-33.398
-51.948
-61.545
-54.352
-42.581
-27.138
-20.348
-29.878
-36.831
-28.647
-40.110
-61.247
-53.150
-42.581
-47.236
-43.870
-36.619
-40.687
-32.542
-27.118
-34.138
-48.669
-46.553
-38.696
-50.063
-54.063
-30.263
-29.330
-32.763
-43.399
-40.966
-36.523
-38.725
-40.437
-42.966
-32.773
-36.437
-41.822
-45.245
-44.351
-48.467
-49.024
-40.562
-45.707
-48.967
-47.034
-45.764
-52.025
-56.131
-68.026
-69.940
-60.680
-55.766
-56.843
-67.767
-66.459
-58.545
-66.507
-64.103
-61.045
-72.421
-81.739
-72.123
-65.161
-66.824
-73.710
-82.384
-82.470
-81.855
-64.190
-57.218
-67.969
-63.045
-64.411
-73.787
-64.324
-56.910
-75.470
-73.912
-57.756
-63.901
-75.931
-65.709
-56.064
-59.949
-68.152
-69.305
-78.018
-86.423
-83.980
-78.903
-83.384
-83.961
-83.422
-81.297
-71.883
-68.988
-67.036
-66.998
-67.123
-62.911
-69.017
-70.700
-67.603
-68.555
-74.989
-81.268
-83.240
-84.509
-83.922
-83.143
-82.788
-84.596
-82.384
-83.903
-86.173
-82.413
-83.740
-81.566
-79.701
-76.133
-69.123
-64.882
-75.816
-85.384
-85.163
-89.461
-94.529
-87.961
-86.778
-96.260
-93.597
-95.597
-100.617
-101.049
-98.001
-95.558
-104.357
-102.742
-88.817
-83.557
-93.462
-102.771
-101.280
-112.070
-122.879
-124.081
-121.417
-115.301
-110.031
-106.079
-112.714
-108.762
-101.030
-100.107
-94.895
-86.904
-81.470
-78.191
-77.124
-81.278
-84.028
-83.095
-82.461
-87.625
-88.413
-87.163
-85.490
-83.336
-87.865
-91.067
-91.856
-104.703
-116.609
-117.301
-104.982
-109.060
-121.340
-120.071
-112.724
-104.617
-100.107
-96.693
-90.144
-96.741
-102.453
-105.280
-110.598
-108.771
-86.317
-85.567
-96.655
-88.134
-81.566
-104.482
-126.687
-135.216
-134.649
-127.456
-130.879
-155.969
-173.951
-189.174
-199.781
-207.763
-210.224
-201.166
-191.126
-187.607
-161.642
-148.208
-161.546
-164.229
-165.018
-186.780
-218.312
-243.180
-267.615
-293.926
-312.312
-321.477
-324.179
-322.583
-324.621
-341.152
-358.875
-359.356
-353.384
-357.452
-367.674
-364.568
-359.952
-357.048
-365.626
-376.781
-369.761
-343.527
-332.766
-324.919
-288.829
325.054
1445.606
1304.466
1062.238
888.422
802.557
806.673
843.869
832.983
902.106
861.929
860.457
833.512
880.305
892.845
865.496
798.729
744.426
721.048
679.515
379.406
226.774
474.858
533.086
408.765
228.813
173.009
228.678
190.270
45.264
-26.445
-12.174
-33.436
-82.095
-144.419
-159.786
-151.795
-183.048
-239.554
-264.692
-254.441
-253.498
-268.856
-272.260
-279.232
-279.395
-279.549
-281.972
-304.898
-285.954
-202.531
-182.789
-268.644
-293.531
-284.300
-284.771
-281.924
-283.992
-278.424
-268.779
-275.962
-277.443
-271.202
-273.760
-276.510
-278.510
-279.780
-283.098
-265.134
-233.688
-242.545
-268.865
-268.625
-271.760
-276.260
-267.548
-269.240
-274.424
-280.943
-281.020
-277.828
-271.144
-263.692
-269.654
-275.770
-281.357
-283.299
-278.347
-279.136
-281.809
-279.126
-271.808
-269.711
-275.452
-273.039
-263.759
-259.778
-260.845
-267.923
-269.298
-274.625
-281.501
-284.838
-281.569
-276.001
-266.201
-274.885
-276.626
-275.991
-267.682
-273.010
-265.759
-261.480
-265.798
-273.943
-276.078
-269.029
-265.971
-270.837
-278.472
-277.732
-277.828
-284.809
-276.443
-276.558
-272.212
-282.857
-275.222
-269.183
-275.856
-277.683
-278.116
-276.587
-277.405
-275.154
-270.135
-265.932
-264.086
-270.683
-270.385
-276.799
-278.886
-266.240
-263.076
-272.404
-278.539
-275.404
-272.625
-267.625
-266.125
-263.307
-263.182
-257.085
-259.162
-266.009
-266.009
-272.933
-276.404
-270.510
-262.316
-264.923
-277.808
-278.049
-268.509
-263.211
-266.278
-268.490
-270.404
-272.894
-268.904
-268.923
-269.654
-272.289
-276.289
-273.327
-269.221
-267.500
-274.539
-272.010
-284.771
-274.760
-268.404
-265.259
-265.576
-267.298
-269.538
-271.221
-275.029
-279.472
-274.125
