HX711 Demo
Initializing the scale
Before setting up the scale:
read: 		-17155
read average: 		-18093
get value: 		-19370.00
get units: 		-18780.0
After setting up the scale:
read: 		-18001
read average: 		-18149
get value: 		-739.00
get units: 		-15.9
Readings:
-20.570
-24.926
-18.002
-11.857
-9.482
-15.829
-16.386
-15.146
-7.847
-7.616
-13.405
-11.742
-5.106
-6.058
-13.569
-13.598
-3.875
-12.617
-15.415
-3.260
1.096
-3.837
-5.808
-10.713
-4.193
-0.231
-0.471
-10.299
-17.060
-20.704
-17.117
-12.136
-2.443
-1.173
-7.597
12.386
18.464
6.943
3.337
-5.693
-3.952
-2.000
-6.376
-9.511
-1.894
4.087
-3.279
-3.789
-6.520
-5.587
3.058
2.510
-10.799
-8.751
0.885
-0.904
-6.424
-16.473
-13.165
-16.983
-18.319
-19.704
-15.511
-20.166
-35.042
-45.736
-31.715
-39.677
-38.898
-28.195
-39.831
-43.072
-42.706
-32.677
-28.570
-25.695
-27.628
-23.464
-24.503
-20.118
-22.560
-27.724
-32.186
-42.187
-65.661
-62.786
-45.226
-47.428
-47.851
-39.697
-36.033
-37.985
-39.052
-36.033
-41.226
-34.475
-32.705
-34.177
-44.659
-43.524
-28.724
-22.416
-29.522
-27.888
-29.253
-34.129
-29.965
-36.956
-35.533
-27.320
-27.916
-27.214
-24.935
-30.003
-35.100
-33.157
-33.725
-25.195
-23.397
-25.012
-19.512
-19.031
-21.541
-24.945
-24.685
-29.186
-16.550
-14.155
-20.454
-32.080
-24.041
-16.896
-11.386
-9.790
-16.704
-28.176
-32.292
-26.291
-22.637
-35.167
-32.763
-27.840
-31.388
-31.676
-31.330
-32.321
-46.745
-41.572
-42.110
-49.284
-46.928
-52.246
-53.198
-44.437
-45.438
-58.535
-63.853
-70.729
-79.807
-76.652
-77.566
-77.585
-77.508
-82.480
-84.894
-83.990
-88.750
-93.423
-89.837
-87.173
-82.567
-95.116
-89.913
-85.182
-91.789
-79.682
-81.182
-86.365
-90.808
-108.492
-118.128
-116.887
-121.224
-126.821
-139.630
-153.439
-163.989
-179.856
-177.317
-124.013
-75.335
42.091
1243.508
1768.391
1439.500
1250.432
1104.493
1213.505
1227.439
1155.796
1104.051
1057.469
1093.136
1145.266
1105.195
1036.976
997.558
1005.069
965.132
915.771
833.079
755.388
699.469
656.695
604.103
558.810
518.863
483.705
445.288
393.879
345.498
298.166
244.391
199.050
149.843
85.653
25.820
0.750
8.539
18.915
8.626
-41.120
-70.854
-38.321
-31.426
-30.090
-28.407
-24.224
-30.753
-33.225
-30.676
-39.398
-38.985
-38.023
-32.177
-32.648
-27.339
-27.859
-31.926
-26.868
-28.667
-28.753
-23.051
-21.800
-27.147
-23.320
-20.685
-21.964
-22.474
-24.522
-27.214
-24.849
-30.224
-33.023
-29.205
-27.272
-25.108
-22.926
-27.195
-19.541
-17.887
-26.743
-35.331
-28.234
-21.368
-22.512
-26.291
-26.705
-29.147
-30.686
-24.301
-26.647
-27.666
-30.917
-17.762
-10.405
-5.885
-5.174
-2.635
-14.636
-21.829
-16.107
-8.645
-12.511
-7.058
-12.386
-15.184
-12.222
-12.578
-18.521
-27.118
-23.079
-9.972
-9.751
-11.405
-23.377
-28.340
-27.166
-20.598
-22.300
-26.147
-11.395
-6.751
-5.751
-5.789
-8.530
-18.627
-17.386
-1.548
-1.750
-1.346
-1.981
-9.482
-15.569
-7.914
-5.510
-11.828
-15.213
-19.021
-17.963
-21.098
-9.693
-8.482
-17.040
-22.589
-12.444
-2.827
-13.059
-20.627
-17.521
-12.569
-6.270
-15.377
-13.521
-10.530
-3.866
-10.732
-15.386
-16.646
-9.934
-8.039
-16.550
-18.262
-18.858
-22.233
-20.762
-13.338
-7.164
-8.501
-6.722
-19.021
-28.638
-17.617
-8.260
-5.847
-2.808
-2.202
2.096
-2.510
-3.866
-0.683
0.644
-0.423
-3.404
-6.078
-9.982
-9.963
-5.453
-5.751
-12.347
-12.434
-12.646
-7.809
-12.319
-14.021
-21.483
-28.224
-29.667
-27.426
-22.849
-38.196
-38.600
-20.771
-15.531
-12.472
-14.886
-16.742
-22.483
-33.157
-24.330
-18.598
-14.386
-8.434
-11.395
-16.800
-17.300
-12.626
-0.760
-0.702
-8.376
1.144
-6.558
-20.983
-26.532
-32.263
-23.445
-11.386
-21.954
-18.829
-11.799
-15.290
-16.386
-23.252
-23.887
-21.041
-15.127
-11.645
-14.309
-13.626
-18.473
-14.319
-21.002
-19.252
-14.598
-23.733
-21.723
-10.366
-13.357
-9.741
-3.866
-10.588
