HX711 Demo
Initializing the scale
Before setting up the scale:
read: 		-20665
read average: 		-21198
get value: 		-21550.00
get units: 		-21205.0
After setting up the scale:
read: 		-21993
read average: 		-21630
get value: 		-385.00
get units: 		-1.5
Readings:
-8.280
0.327
11.588
3.327
-4.039
0.346
3.298
-1.904
1.779
5.789
-3.250
-4.106
-6.385
-0.442
2.385
-9.453
-3.154
9.184
2.846
2.404
-1.298
-3.472
-2.289
-0.356
5.616
0.471
-5.327
-17.483
-17.608
-8.116
-1.981
-8.645
-8.241
-3.789
1.818
1.077
-6.683
-8.135
2.058
11.165
2.808
2.116
6.539
4.549
6.414
-6.655
-5.616
-2.635
-1.846
-1.116
0.539
5.808
-6.655
-0.942
-0.414
-10.472
1.067
8.232
-4.068
-3.068
-1.943
-6.222
-3.404
-1.164
-2.885
1.721
-4.693
0.173
2.673
5.847
-1.827
5.529
1.116
-6.174
-6.424
2.058
2.269
10.482
1.808
-6.203
-8.116
1.279
0.163
-0.365
9.866
13.251
18.223
12.626
7.366
5.953
-3.895
-13.040
-10.328
-9.155
-16.088
-12.559
-7.068
-13.982
-24.137
-11.040
-14.463
-30.830
-35.956
-44.957
-67.892
-63.632
-71.296
-82.413
-66.055
-49.294
-21.983
-0.760
-2.212
0.875
-8.607
-20.781
-10.809
-37.254
-50.255
-36.427
-35.581
-19.714
-6.616
-11.165
-0.471
-2.414
0.615
-2.164
-4.597
-9.799
-12.578
-11.597
-4.789
-4.924
-24.301
-36.514
-36.639
-33.205
-35.369
-26.195
-4.510
-0.750
4.491
13.703
3.587
-7.934
-11.790
-25.051
-21.781
-8.934
7.895
16.838
5.693
-5.606
-6.376
-6.462
-14.290
-10.520
-8.934
-15.280
-16.771
-21.916
-18.800
-16.011
-3.116
16.358
7.385
0.423
-1.510
-16.213
-35.331
-53.083
-47.101
-38.706
-49.794
-83.095
-87.317
-74.277
-84.605
-70.690
-62.968
-88.115
-90.250
-88.971
-74.546
-85.798
-90.106
-110.166
-143.804
-152.007
-143.121
-128.668
-130.591
-151.651
-178.086
-168.787
-130.841
-103.405
-85.240
-55.602
-58.852
-77.268
-111.512
-139.534
-113.272
-133.543
-208.416
-233.640
-210.378
-179.317
-134.082
-114.541
-112.300
-115.176
-131.322
-141.525
-126.571
-129.148
-140.775
-136.236
-126.975
-109.656
-107.771
-129.158
-127.408
-127.081
-138.005
-142.554
-154.363
-171.009
-182.375
-182.587
-177.634
-191.040
-196.223
-192.530
-194.800
-196.598
-184.174
-176.009
-174.951
-181.269
-176.038
-168.104
-159.719
-155.055
-158.440
-173.692
-175.740
-155.574
-163.931
-181.769
-191.617
-187.270
-189.684
-200.425
-200.646
-198.329
-201.233
-194.011
-192.357
-191.828
-190.443
-201.146
-212.802
-224.303
-229.736
-224.034
-225.197
-231.409
-231.025
-227.351
-219.091
-212.475
-216.456
-207.503
-211.705
-206.407
-214.013
-217.014
-210.705
-209.590
-220.562
-223.937
-230.573
-237.987
-242.680
-237.641
-248.796
-246.122
-245.142
-246.045
-247.892
-248.834
-246.372
-248.815
-258.518
-259.624
-261.316
-262.557
-271.692
-261.730
-256.027
-261.932
-266.067
-261.913
-262.884
-271.894
-276.770
-283.751
-296.455
-301.128
-291.502
-303.917
-325.371
-321.429
-316.101
-319.957
-281.078
-225.918
-228.948
-197.213
680.255
1882.749
1849.630
1910.454
1498.506
1371.541
1539.597
1576.822
1339.258
1097.454
1222.871
1381.609
1352.885
1120.062
1119.610
1067.249
929.888
868.429
833.704
728.126
652.175
638.395
587.005
518.728
485.004
443.624
378.906
334.324
285.454
244.661
178.000
111.108
76.210
43.880
26.397
28.474
24.599
-35.956
-101.395
-124.398
-155.594
-118.734
-80.335
-86.086
-84.673
-67.084
-51.832
-49.794
-56.756
-70.334
-72.508
-55.814
-36.773
-35.667
-35.042
-46.265
-61.343
-81.336
-100.472
-121.071
-119.926
-113.791
-99.059
-78.681
-86.673
-73.777
-77.441
-85.855
-80.085
-77.653
-74.970
-82.682
-83.990
-57.631
-46.091
-54.429
-47.255
-43.303
-54.487
-56.064
-69.277
-83.855
-83.826
-85.769
-91.192
-72.979
-54.612
-49.563
-55.996
-56.977
-54.948
-54.525
-37.090
-18.512
-17.358
-27.359
-48.371
-68.536
-69.248
-73.777
-81.018
-83.836
-91.442
-96.578
-82.047
-66.863
-54.717
-40.197
-24.243
-26.012
-28.724
-33.196
-46.832
-43.822
-45.822
-55.112
-53.573
-52.265
-56.391
-75.873
-91.991
-90.846
-73.633
-66.430
-73.267
-63.526
-58.554
-60.410
-52.746
-36.052
-24.012
-22.791
-27.686
-30.859
-38.331
-44.034
-52.650
-49.207
-59.651
-57.198
-44.995
-48.140
-55.766
-55.275
-69.190
-72.537
-70.296
-64.892
-73.729
-82.038
-97.597
-130.456
-158.584
-152.959
-142.400
-119.090
-88.606
-76.595
-56.391
-43.283
-49.890
-53.669
-53.544
-41.870
-30.272
-13.934
-8.857
-13.213
-11.770
-14.415
-27.253
-48.303
-74.133
-76.210
-101.665
-114.118
-87.529
-95.106
-112.435
-100.453
-101.751
-112.349
-87.788
-70.267
-61.487
-21.954
-19.060
-33.879
-59.372
-91.337
-94.077
-95.587
-96.106
-87.682
-52.688
-28.993
-3.241
11.184
-30.369
-65.815
-47.745
-107.329
-135.322
-107.406
-115.358
-132.928
-73.710
-69.681
-64.959
-25.791
-47.428
-67.084
-63.324
-77.326
-59.487
-42.187
-36.571
-40.918
-48.851
-53.852
-65.497
-68.161
-68.469
-102.251
-114.541
-132.601
-135.707
-123.340
-89.856
-68.690
-49.371
-38.543
-36.504
-30.599
-42.024
-49.726
-62.536
-75.681
-77.335
-111.906
-101.828
-96.328
-72.229
-62.632
-67.430
-66.719
-59.064
-64.468
-71.248
-72.912
-77.566
-82.643
-83.269
-86.836
-82.528
-77.633
