HX711 Demo
Initializing the scale
Before setting up the scale:
read: 		-28709
read average: 		-28938
get value: 		-28481.00
get units: 		-28454.0
After setting up the scale:
read: 		-28161
read average: 		-28715
get value: 		252.00
get units: 		-2.6
Readings:
-13.165
-10.847
-4.837
-1.529
-1.741
-3.414
-4.452
-1.221
5.058
8.491
2.231
8.895
11.270
8.712
3.558
8.414
11.232
11.626
7.510
-5.135
-9.809
-0.702
0.971
3.789
-7.308
-6.991
-6.424
-11.944
-11.261
-4.866
1.404
-0.548
-1.741
6.376
-2.548
-2.481
3.173
2.029
0.942
3.241
-2.241
-9.924
-5.751
5.568
11.501
10.270
2.423
-12.876
-17.713
-19.040
-7.895
-2.491
4.193
7.914
-12.857
-9.203
-1.808
2.039
-8.337
-5.164
9.463
27.003
-20.041
11.049
-5.587
2.231
-4.587
-15.867
9.434
5.501
-1.856
-20.848
-9.636
8.828
5.260
-6.558
-1.327
-0.567
-32.263
-2.798
0.308
29.763
19.137
23.916
0.096
-41.264
-3.145
18.521
48.832
22.272
5.693
18.598
20.877
-1.000
-18.550
-8.222
23.310
-0.827
13.482
-31.513
35.513
42.024
43.985
-18.204
-0.702
32.398
36.273
1.991
-8.434
19.281
37.023
21.848
-20.896
-21.118
0.625
8.962
-13.386
-2.895
12.559
7.308
3.183
17.627
27.253
29.311
21.714
14.300
18.617
24.945
19.531
11.386
19.214
20.396
7.078
-0.212
17.867
26.070
12.857
-2.731
-5.481
8.607
4.414
1.298
7.809
1.452
5.029
4.789
5.693
14.386
14.453
11.232
14.290
23.099
29.417
43.687
41.062
32.234
25.772
23.733
19.848
24.849
17.492
10.184
0.664
10.040
18.723
19.704
7.741
-11.982
-27.965
-5.414
0.067
21.262
10.174
10.607
18.848
22.839
16.040
18.175
27.936
47.822
44.687
41.947
12.136
16.781
5.510
18.819
17.617
21.531
35.763
43.928
40.552
9.924
-19.944
-17.983
21.772
46.813
39.071
19.733
26.762
35.311
13.790
-3.337
2.991
30.917
40.149
28.686
17.088
-38.870
7.241
15.579
50.457
40.187
42.380
56.698
61.064
15.309
21.483
36.119
61.305
50.457
48.621
46.043
52.842
33.475
16.069
20.060
37.081
43.841
28.272
29.369
32.446
27.724
15.175
11.607
22.724
19.868
-4.077
-10.665
-6.126
0.346
-1.692
7.857
25.185
31.955
39.081
54.544
46.668
31.696
35.235
39.533
43.928
41.158
34.273
30.532
32.734
30.917
26.176
23.628
12.136
8.972
13.703
12.723
18.800
13.857
18.608
25.974
28.330
25.262
12.405
-1.221
-1.135
6.616
18.194
36.465
48.284
53.679
44.909
39.370
42.822
44.822
38.571
35.398
40.341
37.687
26.320
33.225
29.647
22.272
0.154
14.915
22.627
15.963
15.771
29.311
28.570
29.724
24.185
21.627
9.693
-1.279
19.550
34.542
49.871
42.706
26.714
51.130
45.822
9.001
1.202
49.851
63.055
57.381
36.840
56.544
42.581
28.772
16.559
49.823
41.601
39.456
45.466
37.187
25.935
34.609
36.158
51.736
27.061
31.744
43.841
43.591
42.389
30.705
33.619
35.792
38.523
34.417
40.197
36.812
26.868
38.696
59.372
53.044
52.150
61.228
58.170
51.198
48.342
37.610
41.995
46.322
45.438
48.726
48.746
44.697
44.755
29.436
28.493
26.916
23.945
15.252
15.559
20.829
24.089
33.052
36.533
41.639
44.341
45.245
43.014
43.976
45.659
41.928
39.947
48.342
49.419
43.197
32.253
29.455
21.098
25.022
31.292
23.464
27.609
30.773
30.955
28.051
24.051
19.492
15.482
33.715
26.330
39.447
30.215
47.938
55.842
55.554
42.755
53.708
57.593
60.180
54.602
50.880
36.533
47.255
50.948
57.814
47.563
17.165
42.168
12.876
41.418
45.226
69.959
61.324
48.986
49.678
40.947
42.187
59.420
82.663
79.066
56.573
42.466
19.050
27.455
33.648
53.756
48.486
48.996
48.082
57.852
61.391
52.967
65.103
69.873
66.497
52.717
47.361
54.900
52.861
43.264
41.149
47.149
60.487
48.823
44.745
51.727
49.034
47.245
38.129
35.100
30.513
29.465
31.907
38.975
35.898
33.523
36.725
35.110
42.687
53.583
56.083
56.006
70.902
70.104
57.977
61.266
60.728
59.939
51.736
50.342
43.207
45.630
55.342
53.900
49.525
39.995
31.994
27.772
33.648
19.733
11.655
11.453
40.726
36.610
48.082
36.225
47.890
52.390
57.689
52.506
63.459
63.526
56.804
58.545
66.536
58.814
39.398
32.879
57.314
64.824
70.729
44.072
46.861
49.044
-0.769
36.475
53.400
95.270
61.237
46.159
61.680
64.122
55.256
42.745
70.979
75.883
66.892
57.958
54.717
42.803
36.956
45.899
67.623
67.873
60.160
62.651
74.335
70.863
58.699
45.063
45.572
51.621
54.650
49.967
49.400
46.265
57.689
62.430
57.987
61.564
59.343
62.709
62.055
59.901
55.669
57.631
57.977
50.957
46.880
57.872
61.651
46.707
42.918
53.583
58.997
62.641
63.074
58.583
57.487
62.632
62.516
53.611
52.746
51.813
51.852
46.428
44.928
51.582
55.429
59.978
60.824
54.188
50.352
52.409
38.956
33.061
47.188
50.496
66.132
49.726
55.073
60.939
61.882
59.141
72.027
72.363
54.939
44.043
57.622
75.075
72.681
55.641
65.074
83.134
88.279
50.496
58.833
63.593
82.105
64.882
54.487
67.623
63.363
60.872
61.208
65.603
62.353
61.083
66.286
78.864
76.075
53.333
66.930
79.653
86.509
70.431
67.892
83.663
93.010
70.440
61.478
68.844
74.777
68.248
65.488
63.391
62.189
58.045
58.391
73.441
73.941
59.535
54.660
66.517
70.681
73.739
72.729
74.758
76.662
67.219
58.314
64.872
76.191
82.345
72.575
68.815
75.239
67.373
57.718
63.209
70.094
67.930
66.642
68.709
68.930
73.883
68.661
75.441
74.479
79.759
73.575
70.815
67.430
68.363
74.123
75.162
67.450
66.286
68.998
76.960
73.854
67.055
64.122
70.200
69.132
59.853
61.035
68.700
68.632
74.883
69.892
68.248
73.392
69.834
74.114
74.921
70.883
73.575
74.835
66.497
64.199
66.728
61.834
55.419
58.006
64.603
79.960
68.248
60.381
57.035
53.640
54.996
61.189
66.921
63.593
67.026
72.489
74.950
61.622
59.506
64.786
61.093
65.219
67.623
64.084
64.488
70.508
69.527
60.006
59.045
63.189
56.419
59.968
70.892
69.777
63.949
62.074
59.141
66.392
72.085
60.189
56.968
65.728
72.508
60.978
55.756
56.564
64.199
65.728
57.650
76.133
79.864
79.076
64.613
59.939
70.652
74.066
69.219
72.373
84.422
76.999
75.806
75.710
91.548
79.528
72.883
78.932
81.826
70.796
57.939
53.611
74.498
76.047
75.152
77.970
81.028
76.047
78.374
77.268
79.960
83.874
87.452
75.758
90.596
82.057
81.691
88.336
85.423
90.577
89.327
76.566
97.587
89.452
82.163
74.970
75.345
73.065
77.076
80.470
87.625
88.413
88.115
84.124
78.855
74.325
71.892
77.027
79.393
70.258
66.449
78.278
97.116
93.587
87.144
78.066
78.633
82.884
84.115
87.961
80.393
84.807
76.797
78.441
82.547
79.008
77.999
74.941
76.624
68.834
67.228
73.402
73.979
78.614
70.536
74.162
78.537
83.528
81.720
78.364
78.201
77.903
83.451
85.259
94.750
91.317
86.355
85.375
83.326
83.980
85.884
81.874
75.095
76.931
74.441
71.594
72.065
63.834
62.891
67.507
66.132
70.325
68.661
63.766
73.566
79.768
89.000
84.153
87.096
89.913
74.296
76.162
84.980
83.240
79.653
76.989
73.671
68.123
69.055
69.959
77.181
70.633
68.777
68.421
65.257
60.497
67.834
82.836
73.094
64.988
71.738
72.642
69.450
75.633
74.681
76.297
75.585
72.594
66.796
74.479
74.777
74.835
73.162
65.353
75.556
76.970
73.479
64.843
67.103
80.874
67.257
70.277
77.614
72.950
69.075
60.747
64.901
77.354
77.181
65.776
58.410
59.679
66.873
64.853
77.720
79.191
72.825
70.248
79.335
78.220
74.662
83.759
82.134
83.576
84.999
79.364
75.864
70.383
68.152
79.162
85.394
77.816
79.133
82.663
58.872
53.871
75.143
85.740
77.710
70.334
96.078
102.963
79.826
88.173
103.559
119.936
96.039
81.326
86.846
85.836
79.778
85.605
99.001
82.134
80.316
79.585
97.655
99.895
78.556
70.479
67.853
64.334
75.383
79.884
73.941
73.623
78.739
78.153
76.431
78.710
89.086
91.423
87.634
86.653
89.231
88.538
88.663
82.172
78.431
74.518
71.854
74.143
78.499
78.403
72.344
69.815
68.921
76.220
79.210
80.970
75.162
70.142
71.565
67.450
81.278
83.586
77.037
79.403
77.912
74.143
86.971
91.471
87.461
84.269
80.220
80.845
86.634
80.355
81.249
77.624
72.335
69.931
71.248
67.382
76.556
77.287
67.421
64.055
78.797
75.277
69.488
71.729
80.547
85.009
78.114
74.825
84.365
81.403
84.144
79.730
80.759
83.403
86.490
81.028
76.104
77.326
81.441
69.767
68.796
78.633
73.258
74.508
74.643
71.940
75.008
70.017
74.595
78.422
82.413
73.623
80.749
81.951
67.738
70.036
82.615
83.278
73.383
74.335
81.807
88.356
79.460
75.825
71.229
69.363
72.892
86.211
81.047
72.979
78.326
70.546
61.497
66.863
71.085
68.796
80.143
86.144
76.614
65.622
74.162
77.374
73.767
71.729
66.065
77.816
81.316
71.931
85.903
91.548
88.875
69.969
77.787
89.433
87.548
79.874
85.548
93.558
95.472
91.414
81.557
72.931
81.730
87.096
69.719
78.220
87.471
76.777
74.960
82.057
84.240
88.519
82.538
84.740
88.808
89.702
87.606
92.452
103.098
102.790
89.135
97.693
104.117
94.145
89.077
82.567
93.289
100.290
95.472
94.750
93.395
94.895
86.509
89.471
92.087
84.749
80.711
79.893
90.962
94.116
99.511
102.328
100.434
85.192
80.739
84.269
92.866
88.423
86.163
89.750
90.067
88.048
84.749
92.962
89.990
79.047
88.596
90.750
89.240
89.308
86.615
91.048
93.212
96.087
98.962
87.913
87.509
87.702
84.663
83.749
86.432
84.999
91.366
84.490
85.769
89.346
87.827
79.037
73.239
88.211
93.183
91.385
93.952
85.480
78.710
80.028
81.961
74.133
75.354
82.355
94.491
91.635
81.028
75.912
84.115
79.162
78.980
80.066
81.980
87.856
98.328
98.068
87.807
80.499
85.480
88.163
88.269
92.385
86.798
87.894
89.135
84.605
79.297
77.595
73.431
80.893
80.922
74.171
78.114
76.470
77.402
83.788
87.259
80.095
90.288
89.173
80.912
79.220
82.249
89.125
85.355
87.346
73.979
74.912
84.432
83.826
85.740
83.499
77.864
88.009
83.874
78.066
82.672
89.356
90.365
91.943
86.644
90.885
94.077
92.837
91.375
89.808
77.681
79.835
83.038
83.067
86.528
89.260
86.048
79.076
79.893
75.306
81.903
82.874
88.240
89.375
83.403
82.047
74.085
77.066
79.557
82.836
76.624
69.046
79.970
85.980
84.999
79.759
77.720
75.364
84.442
90.404
87.750
80.739
79.759
75.662
74.075
80.028
81.566
89.067
83.307
80.807
73.258
81.143
88.067
83.009
76.537
73.710
82.922
89.981
87.077
80.691
82.095
80.259
78.701
74.633
70.892
74.402
82.278
81.028
81.153
78.460
72.729
70.834
65.161
75.306
84.278
88.894
81.874
79.643
77.720
82.009
79.162
85.317
87.404
75.970
73.489
89.788
87.211
69.277
71.354
83.163
83.749
76.374
82.884
87.029
81.191
84.326
80.239
75.316
74.143
71.671
78.893
79.710
73.883
84.499
80.624
78.816
76.470
78.287
77.874
78.922
79.816
70.440
74.200
72.383
85.182
81.634
74.835
80.547
85.884
83.143
91.539
68.671
71.527
87.990
85.884
74.662
74.893
81.961
91.346
74.633
67.546
70.575
67.998
68.180
73.277
77.104
79.835
77.162
81.903
75.566
79.787
79.057
81.114
76.527
73.316
75.633
73.402
81.865
85.355
93.298
95.568
77.441
72.796
82.980
87.250
80.489
71.142
71.219
80.172
87.634
78.614
74.575
80.768
76.383
77.653
79.162
84.865
76.124
75.989
78.951
85.528
75.979
72.902
76.979
83.769
84.682
85.211
80.268
73.671
79.451
81.711
76.691
72.046
69.623
76.951
82.365
80.326
72.037
71.248
68.603
65.497
70.306
67.834
79.489
78.893
73.344
69.075
71.931
75.989
77.691
69.229
66.728
72.113
74.306
78.893
79.547
77.701
74.075
74.604
76.008
83.874
78.162
76.652
83.711
74.960
78.268
70.286
67.594
78.220
77.749
67.267
75.287
87.048
77.999
68.873
68.017
82.288
90.798
81.422
76.133
79.634
72.902
70.998
68.065
72.758
83.047
88.365
72.844
67.199
72.344
73.604
67.825
72.296
75.412
75.970
75.085
71.787
73.065
77.989
75.922
70.142
76.239
84.663
80.499
75.825
75.643
78.556
78.037
78.806
78.778
70.498
68.142
65.113
71.152
80.634
83.018
84.192
77.729
68.402
77.095
78.114
76.951
77.037
73.931
73.037
72.354
67.344
66.315
67.161
76.643
75.297
81.682
78.499
76.547
74.585
76.874
78.326
83.413
72.998
68.738
70.258
71.306
75.431
72.238
74.018
69.305
65.815
66.805
69.738
77.518
78.460
74.075
70.315
66.094
71.575
73.364
74.239
66.623
73.835
75.758
63.468
66.748
68.046
70.633
66.757
66.834
75.095
77.835
70.748
71.354
73.248
73.460
72.431
67.238
68.536
75.566
83.336
84.644
79.970
74.941
63.776
70.084
71.075
74.758
77.874
79.143
79.210
72.162
73.373
70.209
66.651
75.114
72.940
69.123
74.989
76.383
81.605
78.855
71.210
73.729
65.642
75.498
73.969
75.758
75.152
73.864
70.748
75.989
76.316
73.267
69.690
68.921
76.162
79.114
70.190
71.181
74.796
72.594
68.565
74.700
70.863
72.460
69.046
77.585
86.125
83.018
71.200
69.094
74.296
68.854
62.420
64.892
65.526
58.920
60.333
58.631
62.064
75.960
84.846
76.450
79.874
86.423
95.741
96.856
90.885
80.143
77.229
91.308
80.220
67.825
69.325
71.104
57.737
43.591
45.668
50.486
52.371
45.313
52.602
63.276
59.804
57.333
72.585
89.779
97.895
110.396
114.406
105.723
93.827
85.086
80.518
85.740
78.681
76.527
62.257
43.860
27.474
29.859
34.100
41.937
71.181
97.366
114.839
128.908
124.263
109.262
93.750
75.181
72.883
76.787
82.615
73.835
57.785
49.698
34.590
37.898
29.801
26.012
8.010
3.616
13.021
34.090
48.669
14.973
4.299
3.789
16.204
35.244
46.688
68.363
81.336
76.672
56.544
54.371
69.344
70.834
56.544
60.535
72.085
64.767
58.679
66.709
55.987
47.419
45.476
54.746
53.083
54.208
54.313
56.564
53.381
48.322
20.627
-14.001
-40.889
-53.660
-54.794
-19.983
35.138
61.574
70.911
76.604
75.037
58.054
29.917
19.742
7.905
13.751
33.648
50.063
54.179
68.228
67.478
69.700
76.152
83.653
89.211
94.799
89.942
75.970
66.574
74.219
66.671
40.168
41.120
35.994
21.877
23.079
3.250
-4.914
8.703
24.685
57.910
76.306
80.345
84.576
57.054
44.380
52.371
58.458
72.008
66.219
58.487
46.678
29.070
13.588
-2.375
0.029
1.529
3.789
18.204
36.812
49.024
41.966
25.310
21.175
11.338
-7.520
-9.578
-20.175
-2.904
0.952
2.952
15.896
19.819
31.571
41.668
35.937
27.455
34.311
28.897
20.377
9.751
17.617
23.541
18.531
8.511
7.203
3.356
2.010
-10.059
-15.771
-11.194
1.087
12.924
25.695
42.245
41.389
47.140
56.766
55.929
53.496
57.516
62.016
67.315
65.622
67.796
80.076
76.575
72.825
74.075
82.624
87.692
98.376
120.032
114.791
89.154
80.826
94.270
92.462
86.461
79.489
66.161
53.890
46.216
41.976
32.561
10.867
-3.712
-22.031
-37.475
-52.727
-59.891
-73.681
-80.422
-74.960
-66.565
-63.257
-71.017
-66.776
-70.594
-80.749
-89.798
-87.586
-87.942
-94.049
-95.741
-90.240
-91.587
-107.338
-110.618
-97.433
-108.694
-120.292
-121.590
-131.649
-150.555
-167.297
-168.893
-177.923
-192.636
-209.830
-212.648
-211.186
-214.244
-222.293
-215.138
-214.446
-222.957
-229.207
-231.005
-226.216
-228.678
-234.698
-241.708
-238.737
-239.929
-206.349
-120.946
81.990
1524.980
2262.126
1874.354
1803.221
1792.470
1881.364
1984.577
1955.834
1739.888
1549.194
1599.055
1458.915
1403.467
1397.111
1298.764
1182.761
1133.131
1105.628
1028.937
998.097
950.765
887.922
826.492
778.458
703.902
648.108
592.054
535.759
480.792
425.642
366.414
310.870
266.346
223.226
170.903
124.725
113.724
103.876
98.780
101.395
92.452
86.923
85.500
83.999
82.307
88.538
89.846
93.202
83.192
81.413
88.596
93.847
94.106
92.423
102.174
104.011
97.520
98.241
104.386
102.424
101.655
90.615
91.635
86.442
81.845
83.278
80.643
83.749
98.462
90.962
86.096
81.114
86.865
90.702
79.759
75.220
79.855
88.096
100.876
88.154
72.152
52.294
52.621
70.902
74.662
79.095
97.905
109.396
109.060
106.684
91.039
80.355
68.930
66.363
71.152
67.478
65.036
61.045
56.083
55.842
51.554
57.275
73.248
76.162
74.171
91.375
88.538
89.423
77.374
63.199
56.583
70.700
76.527
80.691
87.779
95.539
85.903
73.335
75.489
66.690
70.613
77.845
77.008
78.787
87.490
82.249
78.297
83.788
76.547
68.825
70.075
70.315
64.180
69.556
64.959
64.026
65.747
66.978
77.595
78.662
67.478
62.189
65.844
75.835
86.692
85.625
83.269
81.903
76.431
77.595
76.143
62.228
61.728
79.307
84.317
80.922
71.854
70.998
77.422
72.748
64.661
69.007
80.114
78.268
77.874
67.199
63.882
67.728
62.920
66.046
70.883
76.229
71.758
72.325
73.181
74.344
71.508
72.719
72.027
71.690
76.691
84.336
81.980
77.951
77.604
75.133
73.777
78.085
76.056
67.805
69.277
78.845
81.230
75.672
69.286
69.450
73.921
71.431
73.306
68.959
64.757
56.035
64.565
77.152
79.855
73.191
67.575
72.960
76.604
77.595
76.258
76.114
81.047
83.182
