HX711 Demo
Initializing the scale
Before setting up the scale:
read: 		-20277
read average: 		-18565
get value: 		-19446.00
get units: 		-19144.0
After setting up the scale:
read: 		-20605
read average: 		-20421
get value: 		-1885.00
get units: 		-8.0
Readings:
6.356
12.347
4.077
3.125
-1.577
-8.703
-16.723
-40.139
-59.160
-61.103
-62.718
-56.256
-44.995
-16.761
-1.510
3.270
-7.703
-11.761
-8.636
-0.096
3.125
-1.943
0.558
-2.433
-13.290
-9.568
-15.569
-25.320
-14.001
-1.067
2.289
4.058
4.424
-7.751
-12.501
-21.320
-26.936
-45.813
-83.855
-114.926
-84.153
-49.900
-50.813
-30.532
-18.310
-18.675
-19.310
-6.549
-0.942
2.404
-22.252
-36.917
-28.743
-25.599
-14.761
-16.088
-19.089
-32.321
-37.494
-32.177
-33.734
-31.715
-25.676
-18.867
-8.184
-14.992
-32.148
-51.842
-73.585
-88.134
-86.519
-98.741
-117.974
-134.082
-144.871
-162.460
-186.924
-191.030
-198.964
-218.129
-226.938
-243.439
-250.257
-253.392
-252.671
-268.904
-297.936
-280.934
-275.077
-247.805
-232.669
-196.963
-174.499
-164.893
-182.779
-192.963
-196.358
-204.060
-200.262
-191.424
-180.423
-183.241
-184.222
-176.778
-163.700
-156.892
-152.872
-156.603
-158.065
-166.518
-163.710
-156.767
-158.882
-157.363
-148.843
-146.112
-145.544
-136.495
-115.993
-115.503
-117.618
-123.417
-134.053
-141.275
-151.651
-143.842
-130.091
-119.244
-121.898
-126.571
-131.072
-138.919
-144.871
-148.247
-145.525
-154.055
-156.084
-165.575
-168.374
-172.143
-173.788
-176.548
-169.393
-171.836
-187.885
-185.558
-176.375
-175.278
-180.635
-172.624
-143.063
-154.324
-165.114
-153.555
-154.440
-156.324
-152.651
-141.207
-142.284
-136.822
-131.678
-147.785
-159.094
-150.179
-144.477
-153.324
-151.199
-150.131
-155.122
-158.450
-166.229
-154.680
-148.285
-148.468
-149.304
-149.862
-139.919
-131.822
-128.802
-137.919
-145.381
-136.745
-137.592
-142.727
-152.103
-158.392
-159.007
-160.296
-175.759
-182.866
-184.597
-186.183
-192.203
-198.300
-190.857
-185.674
-191.309
-195.204
-181.356
-181.356
-182.519
-183.077
-188.491
-184.558
-185.847
-185.462
-186.087
-182.366
-184.693
-191.905
-185.770
-183.173
-190.636
-196.867
-205.493
-211.561
-220.418
-222.841
-218.533
-219.062
-216.013
-228.024
-238.795
-251.738
-251.036
-234.083
-226.284
-223.255
-222.168
-222.120
-225.091
-230.842
-227.572
-230.900
-234.650
-241.776
-238.016
-223.716
-230.188
-238.343
-235.381
-238.718
-238.641
-233.083
-230.698
-229.294
-224.832
-222.937
-231.688
-234.054
-229.640
-220.668
-229.707
-235.698
-239.410
-234.102
-243.353
-257.729
-259.037
-258.845
-273.404
-268.365
-270.125
-271.606
-275.462
-279.549
-277.001
-284.126
-291.973
-289.454
-277.760
-272.318
-279.357
-293.079
-294.897
-290.762
-300.513
-304.427
-311.581
-322.207
-320.332
-324.525
-329.122
-328.958
-336.574
-336.305
-332.459
-336.324
-332.612
-327.718
-331.757
-319.361
-307.908
-302.157
-310.706
-313.485
-314.870
-316.274
-311.639
-302.609
-310.187
-303.696
-308.341
-321.717
-327.900
-328.824
-344.691
-349.441
-334.276
-269.846
-161.767
619.710
2279.762
1854.506
1332.075
1426.239
1447.693
1441.769
1438.961
1478.465
1232.449
1314.900
1533.337
1569.446
1368.088
1176.972
1028.062
971.594
943.293
888.172
829.608
786.892
733.973
686.371
651.810
598.323
545.462
494.235
447.961
398.937
350.557
301.638
254.941
226.043
186.405
146.150
110.329
49.813
20.444
2.693
-85.769
-198.127
-137.255
-91.500
-57.795
-52.092
-76.143
-104.636
-109.944
-114.262
-97.087
-68.353
-65.565
-62.939
-64.728
-86.452
-85.288
-79.855
-81.566
-76.633
-81.384
-95.933
-103.857
-105.598
-95.077
-83.884
-80.278
-77.162
-79.268
-85.249
-90.529
-89.500
-92.981
-88.990
-90.288
-91.029
-91.125
-97.828
-101.376
-108.944
-114.830
-110.771
-98.145
-86.596
-77.941
-74.681
-65.805
-65.209
-87.702
-80.105
-59.804
-48.246
-55.641
-70.056
-77.374
-68.257
-51.823
-37.533
-33.359
-35.706
-37.177
-71.690
-120.619
-134.226
-118.878
-98.453
-95.578
-92.212
-87.807
-85.817
-89.865
-87.423
-64.353
-64.247
-69.450
-72.489
-68.613
-67.334
-82.413
-100.415
-114.608
-100.511
-64.699
-45.976
-42.226
-41.024
-54.429
-73.383
-94.337
-84.047
-80.941
-94.385
-106.184
-103.088
-104.905
-109.579
-97.607
-64.180
-56.044
-52.842
-50.659
-49.928
-47.515
-47.351
-32.330
-6.453
10.876
-4.212
-56.544
-109.925
-120.080
-94.433
-54.640
-34.677
-47.255
-60.603
-79.643
-89.250
-77.220
-65.786
-53.015
-37.523
-32.888
-33.888
-29.311
-30.801
-39.283
-44.130
-56.131
-72.392
-69.979
-78.855
-84.509
-90.789
-114.099
-111.925
-96.655
-82.509
-69.017
-56.189
-48.630
-44.120
-46.870
-32.619
-28.849
-21.608
-31.898
-42.072
-59.352
-56.419
-60.381
-59.093
-60.314
-66.978
-56.496
-44.255
-31.638
-24.522
-25.483
-28.234
-40.543
-45.486
-48.678
-39.264
-28.436
-25.993
-41.678
-48.072
-57.535
-67.296
-68.584
-71.277
-71.902
-81.528
-81.826
-79.422
-70.315
-68.575
-75.710
-77.470
-77.720
-78.191
-70.815
