ÿHX711 Demo
Initializing the scale
Before setting up the scale:
read: 		-22388
read average: 		-21984
get value: 		-22352.00
get units: 		-21954.0
After setting up the scale:
read: 		-22349
read average: 		-21880
get value: 		334.00
get units: 		4.3
Readings:
-1.087
-8.366
-2.337
3.106
0.740
-4.404
-3.000
-7.030
-7.626
-1.702
3.789
11.088
4.847
5.501
2.818
-0.385
3.270
-0.250
5.924
4.933
5.385
10.145
8.693
13.944
8.414
11.444
6.712
4.106
1.029
2.366
11.251
10.597
-11.424
-9.501
13.655
15.059
14.165
11.953
11.097
20.733
-4.827
-20.098
7.885
30.522
30.676
10.982
25.714
20.252
6.328
-4.529
7.385
19.416
17.040
29.503
35.619
3.818
-11.645
16.858
37.812
14.973
-1.904
21.570
30.446
11.001
-11.395
2.183
9.107
-2.048
-3.125
7.501
22.099
5.029
-19.810
4.308
27.138
17.483
-5.914
4.741
24.628
15.934
-4.347
9.434
10.722
1.952
0.519
10.530
2.087
-6.405
6.318
18.540
0.577
6.251
11.347
18.040
8.068
-0.038
12.472
11.626
-6.712
-3.654
6.953
6.299
-0.221
3.558
12.492
17.165
12.444
12.040
10.713
12.665
3.260
10.126
11.415
8.241
3.193
1.491
10.213
14.078
14.732
0.914
1.173
4.077
-1.346
8.347
1.923
3.077
10.540
14.338
19.925
16.627
7.318
14.223
17.050
11.511
15.607
12.242
22.358
8.280
13.146
-1.135
31.590
29.744
21.954
18.031
28.820
33.177
11.472
9.472
22.752
27.782
22.752
2.414
19.156
20.146
6.106
-4.404
26.301
34.600
22.627
12.088
21.262
21.243
14.425
12.261
16.098
25.714
6.818
5.385
29.167
22.954
7.934
17.435
21.983
12.617
11.222
10.992
15.598
14.771
13.174
16.684
17.954
14.877
13.117
23.060
20.502
12.848
16.877
16.406
13.703
9.674
8.395
7.732
1.904
1.866
5.222
6.847
5.308
13.184
3.856
6.087
12.174
21.723
21.137
19.204
22.089
19.137
15.963
13.540
9.530
17.117
14.059
8.693
16.761
18.646
25.705
24.907
12.684
4.808
12.838
0.490
-3.712
16.309
18.117
23.974
14.511
20.598
16.569
0.221
0.433
10.424
9.626
10.415
13.982
21.858
10.213
16.338
24.378
12.559
4.866
6.376
-0.712
-2.471
4.164
26.262
14.732
9.039
13.771
17.310
6.366
7.078
28.099
32.157
23.474
19.464
28.840
23.945
10.636
8.376
18.867
23.002
18.540
26.099
16.694
9.809
22.858
32.561
18.425
5.693
9.126
16.069
19.319
23.195
28.080
20.185
12.213
8.126
21.656
32.927
22.954
9.991
14.540
12.203
11.020
8.078
10.790
4.145
10.290
17.925
16.819
20.118
23.695
23.560
25.753
23.964
19.425
15.732
26.666
23.137
19.435
17.435
17.973
18.819
12.290
6.251
9.318
12.482
15.155
20.262
19.079
21.579
10.213
5.712
10.049
4.510
8.395
19.598
26.945
27.368
29.705
24.974
10.078
20.089
23.685
21.550
15.521
12.973
27.849
18.637
22.810
25.301
18.108
8.934
16.358
12.549
10.424
3.202
15.127
26.339
27.772
22.791
13.155
2.798
2.308
30.407
35.225
31.898
27.878
33.850
39.562
25.137
23.858
33.205
23.426
19.742
15.146
27.666
34.215
25.560
18.665
9.155
23.089
22.445
27.291
13.367
14.540
24.820
27.926
23.310
18.271
22.801
20.069
17.723
24.464
17.069
17.031
21.272
20.531
13.261
14.963
19.252
18.839
16.684
20.108
25.089
28.849
24.339
23.426
24.474
19.675
21.425
22.070
27.301
22.070
17.521
25.541
34.004
19.012
5.029
10.270
16.079
13.934
14.761
19.406
18.367
15.396
19.214
25.282
22.964
16.559
29.176
30.648
31.042
28.205
24.156
26.676
21.204
28.416
25.320
18.646
21.762
15.954
9.539
20.521
14.578
5.481
13.040
21.320
11.347
5.539
21.897
20.964
19.589
22.281
18.569
14.713
19.098
25.262
30.301
27.580
25.195
18.290
26.359
23.474
19.512
22.858
28.917
23.551
18.088
23.272
26.032
19.512
18.867
27.926
30.474
15.136
24.887
31.850
32.119
16.598
17.992
30.513
26.484
11.232
9.097
10.270
11.328
19.868
20.483
24.041
23.214
35.494
31.936
15.165
20.339
25.378
23.301
18.079
28.224
35.023
23.733
22.926
25.435
18.185
12.107
23.349
24.176
20.521
25.993
21.243
22.406
21.791
16.838
18.473
20.444
20.050
15.675
18.146
16.540
24.935
25.772
24.887
25.570
26.436
29.340
27.955
26.628
32.273
32.734
27.138
14.703
23.772
26.359
23.416
21.406
21.021
20.656
26.301
24.618
17.762
21.483
19.810
19.492
17.733
17.002
24.099
28.243
22.512
18.175
14.742
25.743
35.244
32.763
21.897
13.386
18.204
28.138
24.310
23.243
21.666
22.618
22.647
24.397
29.118
33.879
26.118
18.944
15.098
16.233
16.338
14.925
17.060
19.262
19.396
12.232
21.945
27.109
22.387
12.636
12.242
19.483
24.012
22.801
21.473
20.502
21.723
21.358
12.021
12.799
17.127
16.338
20.108
20.646
23.406
30.244
27.089
16.944
14.338
18.050
25.426
29.253
29.869
25.253
15.877
14.752
10.684
22.474
32.609
21.377
24.426
25.887
23.878
25.320
20.675
18.252
11.915
10.732
9.886
15.136
22.175
12.867
19.358
14.713
13.328
12.472
11.694
15.271
24.743
25.849
24.945
19.512
20.810
20.214
19.483
21.098
27.541
29.647
28.320
26.839
23.281
20.560
15.338
9.895
8.684
13.280
23.762
20.194
20.608
13.694
14.703
10.992
16.319
16.579
26.580
29.561
13.261
2.952
5.385
7.693
18.079
24.724
24.070
24.070
19.021
14.559
24.714
19.685
14.646
23.628
21.820
17.329
13.146
10.366
20.608
20.800
16.944
26.657
22.445
16.925
14.348
21.166
25.464
15.280
13.473
15.377
11.126
14.386
19.175
20.570
21.368
14.453
12.713
21.935
33.802
28.513
21.358
27.936
23.541
15.444
15.136
26.551
36.148
36.812
32.619
18.310
17.694
31.263
34.706
30.263
28.291
29.494
30.849
26.349
22.224
27.436
30.984
27.849
27.407
24.474
20.425
24.810
37.735
36.648
24.474
21.829
29.032
36.225
33.292
31.292
31.609
24.907
24.656
17.021
23.762
32.888
21.320
23.002
29.849
31.465
29.109
30.609
34.302
24.089
21.964
29.292
25.974
23.291
21.973
20.281
22.243
22.291
22.618
25.070
22.368
22.849
14.867
11.761
18.790
21.195
15.713
16.973
21.656
25.695
22.589
25.243
23.753
19.608
22.627
27.166
32.109
23.579
27.138
32.388
24.224
17.550
26.032
23.695
19.310
22.897
28.291
25.791
24.849
23.070
30.071
28.743
24.185
21.262
21.868
20.723
19.444
24.541
14.050
19.694
19.060
20.291
20.704
29.436
28.590
15.271
16.521
16.973
20.146
24.426
16.252
15.569
17.540
26.859
19.396
14.194
23.887
22.772
19.435
17.685
19.435
18.108
11.713
14.530
25.378
25.176
22.425
16.338
18.771
19.627
18.127
23.406
29.494
16.059
14.723
19.531
11.857
15.252
19.839
20.146
17.521
25.474
24.022
15.127
19.214
27.474
22.762
15.694
10.617
16.665
26.916
29.061
26.022
22.560
19.319
18.656
14.771
15.973
19.492
23.570
22.002
18.589
18.762
19.223
24.051
19.608
26.618
23.926
22.416
22.368
12.857
14.886
24.974
26.936
15.367
10.203
19.377
29.753
24.560
21.310
21.195
11.934
9.328
7.943
16.684
25.993
22.224
19.079
24.368
20.406
16.040
16.713
24.233
22.762
20.839
14.838
15.694
18.185
13.896
14.829
11.559
15.579
14.357
24.522
25.233
32.244
22.493
25.358
30.292
28.272
25.560
21.579
16.617
9.222
27.513
30.311
21.858
11.597
17.069
28.590
24.156
19.060
13.088
24.753
26.445
19.117
17.492
17.492
13.963
20.435
24.685
17.704
16.079
16.886
26.743
20.319
13.165
13.838
21.387
19.348
9.876
19.646
25.378
20.570
14.934
15.742
15.848
22.147
15.857
12.694
26.503
26.811
25.051
21.348
19.252
18.050
19.425
21.704
26.503
29.955
25.580
16.136
14.675
20.156
34.811
24.772
28.090
30.042
19.560
16.069
20.089
21.108
23.772
20.983
21.233
28.484
24.810
28.359
26.330
24.666
24.137
23.214
21.704
22.743
19.550
16.934
12.049
18.579
29.561
30.580
23.704
24.858
25.868
29.782
28.599
27.628
24.551
22.954
30.734
32.330
25.070
25.589
19.964
22.695
23.127
21.031
22.887
24.406
21.695
18.983
18.338
24.503
31.138
36.100
30.657
24.387
25.753
27.686
27.705
21.175
20.435
22.233
21.589
19.550
12.924
9.414
21.637
29.763
24.705
23.878
26.445
22.483
25.070
19.752
19.935
19.521
23.377
25.810
23.878
23.426
20.598
27.647
34.638
33.186
27.089
22.118
22.166
15.502
16.598
20.146
19.166
21.195
26.041
25.368
21.848
20.675
26.887
23.243
27.686
23.070
18.714
26.628
23.070
20.618
24.714
23.685
26.176
26.791
32.705
24.733
25.435
24.589
20.281
24.387
24.108
16.713
25.820
27.128
24.512
23.060
17.646
15.521
22.291
29.792
24.781
27.551
19.848
18.867
24.031
24.830
21.387
21.425
21.964
19.040
15.175
24.522
26.830
29.676
25.320
19.858
12.386
12.713
20.541
22.281
18.925
21.108
23.560
23.262
19.608
14.444
24.253
23.310
16.858
18.367
22.166
20.618
14.886
14.175
21.070
25.753
26.830
19.146
22.358
29.570
26.224
27.522
25.022
25.618
28.878
25.387
22.329
19.002
17.358
25.214
24.618
15.896
21.166
23.195
19.781
20.993
24.108
23.118
16.723
21.214
23.349
10.136
14.559
11.790
16.511
16.771
16.665
19.492
23.608
34.081
34.802
28.974
25.512
26.984
33.282
27.791
7.991
20.089
17.521
15.771
20.512
22.493
23.176
17.963
19.541
18.060
15.559
19.521
24.474
25.397
20.954
20.483
27.820
28.763
24.926
23.204
22.714
21.118
22.425
27.147
26.262
27.638
20.541
25.512
36.388
27.263
17.454
24.493
26.032
17.377
13.251
19.319
16.156
17.531
27.070
29.320
22.877
25.849
28.657
35.398
30.638
25.435
30.917
18.242
14.607
20.521
18.050
24.599
23.637
19.810
14.954
19.396
23.810
17.742
25.099
20.848
17.550
22.416
26.051
21.060
14.925
21.945
26.936
20.752
25.791
27.339
18.973
13.396
23.243
25.214
23.541
20.858
27.051
30.869
25.753
30.878
28.455
26.512
33.667
37.446
25.330
18.012
24.551
28.407
23.560
27.455
28.022
24.791
21.175
21.397
22.964
24.531
23.079
20.214
20.762
25.637
25.330
23.743
24.051
25.272
32.148
30.859
23.377
27.570
34.975
22.233
15.992
17.281
14.636
17.242
20.069
24.426
32.446
23.579
15.030
19.666
21.214
28.743
32.657
24.868
22.079
24.243
26.397
20.118
18.252
20.425
25.243
22.416
19.435
17.521
26.118
30.042
16.031
5.481
9.068
22.993
27.224
30.292
26.628
25.916
34.331
34.725
17.233
16.204
23.243
23.868
19.444
21.906
23.031
17.935
23.724
26.868
30.724
31.080
28.609
25.493
19.560
18.839
15.338
17.156
14.146
20.598
27.599
29.128
26.926
29.590
28.320
29.340
18.031
17.887
22.204
17.608
17.319
10.703
10.732
19.598
33.446
34.513
20.627
18.002
27.243
31.984
29.907
27.955
26.570
16.242
17.579
17.415
36.975
37.148
21.445
13.915
24.935
23.676
24.022
17.742
23.089
27.070
28.051
16.281
21.195
24.041
22.820
25.358
23.810
19.781
22.993
17.396
25.358
32.157
28.099
27.791
20.800
17.117
17.935
15.761
21.425
21.262
19.012
7.472
6.385
13.915
28.166
25.474
21.137
28.330
28.022
18.954
24.830
31.946
26.916
21.695
28.868
33.754
26.397
17.060
20.983
19.579
14.877
19.348
24.253
19.040
23.983
18.387
17.992
23.137
15.415
10.213
12.597
13.838
22.012
23.560
18.992
13.694
15.444
15.761
19.666
36.052
34.600
33.398
35.552
31.436
20.271
16.656
14.790
23.676
13.800
21.935
12.290
9.116
21.887
21.281
21.723
25.455
31.811
20.820
17.963
25.695
30.272
37.244
36.764
29.638
17.819
9.588
6.337
7.597
14.213
17.733
21.021
20.954
23.704
17.704
15.838
28.032
19.281
12.107
5.010
-3.991
-22.127
-30.878
-15.482
-10.472
-13.386
-14.011
-2.068
4.914
-0.923
-5.231
2.019
8.520
9.530
2.914
3.279
-2.577
1.385
8.616
6.308
-4.972
-1.721
4.933
17.406
9.664
3.491
3.327
-5.318
-11.011
-5.751
-4.827
2.500
5.616
1.933
-4.385
-6.645
-8.693
-13.992
-12.136
-7.308
-12.761
-14.194
-14.367
-13.425
-14.348
-19.127
-17.300
-20.464
-20.858
-23.666
-22.993
-22.560
-38.100
-42.466
-34.677
-44.687
-45.543
-42.351
-38.639
-44.639
-51.900
-52.034
-52.179
-58.064
-64.093
-73.248
-74.094
-75.383
-84.615
-87.105
-95.914
-112.099
-116.753
-122.100
-126.062
-127.571
-137.082
-153.459
-150.064
-147.497
-153.930
-160.575
-164.508
-150.430
-153.334
-156.998
-163.864
-158.228
-163.546
-170.287
-160.681
-158.373
-162.575
-165.133
-174.153
-180.865
-197.627
-211.513
-204.580
-192.876
-149.266
-95.626
25.897
1271.097
1903.395
1647.541
1345.172
1395.255
1573.697
1483.485
1356.751
1509.103
1592.420
1525.922
1439.942
1301.023
1289.618
1258.067
1201.282
1056.430
964.026
862.871
748.118
693.449
672.687
660.253
621.634
514.276
459.376
531.249
600.574
542.971
442.874
399.264
341.200
182.308
195.684
161.411
-47.188
-188.357
-91.635
63.536
74.729
10.809
-49.236
-118.599
-139.496
-98.087
-68.017
-54.852
-64.584
-73.844
-83.797
-81.374
-87.048
-91.962
-82.355
-94.231
-93.202
-96.866
-84.624
-85.336
-79.432
-97.126
-111.079
-83.230
-63.026
-58.497
-69.354
-82.403
-104.175
-81.105
-51.823
-38.091
-56.246
-54.515
-57.295
-64.651
-68.719
-70.777
-70.219
-61.276
-49.611
-56.756
-58.054
-46.745
-58.593
-55.708
-54.717
-56.150
-64.940
-63.564
-57.487
-58.708
-58.275
-46.563
-50.890
-62.478
-56.795
-51.352
-55.525
-61.276
-64.728
-59.583
-57.756
-57.775
-58.525
-52.458
-55.237
-67.478
-65.988
-57.448
-54.871
-48.861
-42.706
-48.101
-54.612
-63.516
-65.411
-51.813
-50.650
-59.141
-50.678
-45.399
-50.659
-58.612
-54.015
-50.784
-50.755
-55.554
-50.169
-50.582
-50.842
-54.544
-56.977
-50.102
-45.178
-51.102
-53.073
-55.419
-49.188
-51.842
-55.929
-53.765
-53.400
-53.631
-53.256
-46.755
-51.765
-55.333
-48.255
-48.246
-45.832
-43.639
-45.745
-45.168
-44.995
-53.948
-54.775
-51.544
-48.832
-55.698
-64.988
-58.381
-55.419
-54.631
-46.293
-40.899
-44.014
-42.899
-35.206
-36.523
-43.889
-46.611
-41.149
-44.822
-58.756
-62.353
-69.681
-69.911
-70.479
-77.989
-77.479
-71.825
-65.853
-62.786
-55.881
-48.553
